              0
              0
              0
              0
              0
              0
              0
        8.33333
     0.00481737
              0
              0
              0
     0.00477487
    0.000615213
      0.0171546
       0.022544
     0.00214761
     0.00703521
       0.019809
        5.67533
      0.0092139
      0.0063316
      0.0427067
      0.0628741
     0.00415339
        5.67157
      0.0174458
      0.0101308
      0.0184272
      0.0140478
     0.00830917
        3.86278
      0.0106582
      0.0082411
     0.00762838
     0.00944007
     0.00850407
        3.86078
      0.0152709
     0.00749356
     0.00833391
     0.00697606
     0.00836971
        2.62709
     0.00844889
     0.00654435
     0.00622667
     0.00591355
     0.00577253
        2.62584
      0.0108874
     0.00564623
       0.005413
     0.00530459
        1.78775
     0.00645844
     0.00554441
     0.00527215
     0.00503317
     0.00479622
        1.78656
     0.00814542
     0.00457625
     0.00439642
     0.00425345
     0.00416463
        1.21585
     0.00499364
     0.00413426
     0.00391721
     0.00377426
     0.00361712
        1.21541
     0.00597699
     0.00347496
     0.00330935
     0.00319181
     0.00313201
       0.827056
     0.00362905
     0.00304213
     0.00290706
     0.00280368
     0.00272782
        0.82652
     0.00425896
     0.00256249
     0.00245537
     0.00236538
     0.00231823
       0.562575
     0.00264487
     0.00224012
     0.00213963
     0.00205138
     0.00199553
       0.562165
     0.00302742
     0.00187029
     0.00179397
      0.0017304
     0.00169668
       0.382669
     0.00191336
     0.00163379
     0.00156171
     0.00149859
     0.00145583
       0.382367
     0.00214955
      0.0013597
     0.00130559
     0.00125957
       0.260294
     0.00138387
     0.00122752
     0.00118495
     0.00113377
     0.00108869
       0.260117
     0.00153535
     0.00101445
    0.000983204
    0.000950383
    0.000920112
        0.17708
      0.0010153
    0.000882898
    0.000845169
     0.00081343
    0.000788093
       0.176919
     0.00110201
    0.000734726
    0.000706225
     0.00068239
    0.000667325
       0.120453
    0.000727719
    0.000636153
    0.000609821
    0.000586422
    0.000569545
       0.120337
    0.000781136
    0.000529647
     0.00050961
    0.000492207
    0.000481436
      0.0819351
    0.000520874
    0.000457791
    0.000439152
    0.000422512
    0.000410318
      0.0818514
     0.00055282
    0.000381166
    0.000366905
    0.000354455
       0.055737
     0.00037604
    0.000340221
    0.000328799
    0.000315604
    0.000303779
      0.0556854
      0.0003951
    0.000281725
    0.000273106
    0.000264209
    0.000255913
      0.0379197
    0.000272784
    0.000242809
    0.000233128
    0.000224776
     0.00021784
      0.0378755
    0.000282056
    0.000202139
    0.000194699
    0.000188298
    0.000183811
      0.0257945
    0.000194304
     0.00017357
    0.000166818
    0.000160727
    0.000156063
       0.025763
    0.000199287
    0.000144551
    0.000139332
    0.000134704
    0.000131521
      0.0175466
    0.000138272
     0.00012398
    0.000119215
    0.000114901
    0.000111561
      0.0175241
    0.000140627
    0.000103255
    9.95565e-05
    9.62641e-05
      0.0119372
    9.96744e-05
    9.14402e-05
    8.84397e-05
    8.50767e-05
    8.20228e-05
      0.0119229
    0.000100544
    7.58229e-05
    7.35147e-05
    7.11607e-05
    6.89489e-05
     0.00812155
    7.17186e-05
    6.49097e-05
    6.24517e-05
    6.02894e-05
     5.8441e-05
     0.00810981
    7.14732e-05
    5.40523e-05
    5.21382e-05
    5.04556e-05
    4.91917e-05
     0.00552481
    5.08533e-05
     4.6142e-05
    4.44288e-05
    4.28648e-05
    4.16137e-05
     0.00551647
    5.03704e-05
    3.84354e-05
    3.70946e-05
    3.58869e-05
    3.49947e-05
     0.00375837
    3.60336e-05
    3.27847e-05
    3.15785e-05
    3.04743e-05
    2.95835e-05
     0.00375245
    3.54612e-05
    2.73095e-05
    2.63624e-05
    2.55068e-05
     0.00255711
    2.59462e-05
    2.40472e-05
    2.32714e-05
    2.24221e-05
    2.16427e-05
     0.00255326
    2.53612e-05
    1.99602e-05
    1.93547e-05
    1.87428e-05
    1.81645e-05
     0.00173982
    1.85553e-05
    1.70033e-05
    1.63844e-05
    1.58315e-05
    1.53485e-05
     0.00173676
    1.79671e-05
    1.41621e-05
     1.3675e-05
    1.32398e-05
    1.28963e-05
     0.00118359
    1.31116e-05
    1.20374e-05
    1.16062e-05
    1.12089e-05
    1.08804e-05
     0.00118142
     1.2636e-05
    1.00284e-05
    9.68766e-06
    9.37698e-06
    9.13534e-06
    0.000805194
     9.2602e-06
    8.51908e-06
    8.21609e-06
    7.93626e-06
    7.70338e-06
    0.000803662
    8.87903e-06
    7.09735e-06
    6.85726e-06
    6.63787e-06
    6.46587e-06
    0.000547778
    6.53582e-06
    6.02466e-06
    5.81173e-06
     5.6147e-06
    5.44984e-06
    0.000546695
    6.23684e-06
    5.01935e-06
    4.85032e-06
    4.69554e-06
    0.000372745
    4.70136e-06
    4.39752e-06
    4.25781e-06
    4.10821e-06
    3.96957e-06
    0.000372025
     4.4618e-06
    3.65338e-06
    3.54291e-06
    3.43218e-06
    3.32698e-06
    0.000253624
    3.34344e-06
     3.0985e-06
    2.98981e-06
    2.89128e-06
    2.80344e-06
    0.000253068
    3.15052e-06
    2.58122e-06
    2.49481e-06
     2.4164e-06
    2.35178e-06
    0.000172548
    2.35504e-06
    2.18546e-06
    2.10976e-06
    2.03938e-06
    1.97938e-06
    0.000172156
    2.21125e-06
    1.82095e-06
    1.76057e-06
    1.70489e-06
    1.65955e-06
    0.000117391
    1.65821e-06
    1.54114e-06
    1.48805e-06
     1.4386e-06
    1.39624e-06
    0.000117115
    1.55092e-06
    1.28411e-06
    1.24167e-06
    1.20246e-06
    7.98906e-05
    1.19203e-06
    1.12148e-06
     1.0862e-06
    1.04896e-06
    1.01422e-06
    7.97045e-05
    1.10973e-06
    9.32227e-07
    9.04095e-07
     8.7604e-07
    8.49301e-07
    5.43621e-05
    8.44703e-07
    7.88454e-07
    7.61453e-07
    7.36737e-07
    7.14416e-07
    5.42209e-05
    7.81859e-07
    6.56902e-07
     6.3529e-07
    6.15482e-07
    5.98715e-07
    3.69862e-05
    5.93769e-07
    5.54816e-07
    5.36018e-07
    5.18433e-07
    5.03143e-07
     3.6887e-05
    5.48017e-07
    4.62319e-07
    4.47229e-07
    4.33209e-07
    4.21464e-07
    2.51645e-05
    4.17257e-07
    3.90353e-07
    3.77185e-07
    3.64849e-07
    3.54082e-07
    2.50947e-05
    3.83885e-07
    3.25277e-07
    3.14688e-07
    3.04836e-07
     1.7128e-05
    2.99795e-07
     2.8337e-07
    2.74524e-07
    2.65299e-07
    2.56647e-07
    1.70805e-05
    2.74726e-07
    2.35655e-07
    2.28555e-07
    2.21504e-07
    2.14765e-07
    1.16555e-05
     2.1183e-07
    1.98871e-07
    1.92193e-07
    1.86031e-07
    1.80407e-07
      1.162e-05
      1.932e-07
    1.65705e-07
     1.6033e-07
    1.55363e-07
    1.51069e-07
    7.93052e-06
    1.48654e-07
    1.39678e-07
     1.3503e-07
     1.3066e-07
    1.26799e-07
    7.90558e-06
    1.35263e-07
    1.16399e-07
    1.12648e-07
    1.09142e-07
    1.06138e-07
    5.39606e-06
    1.04295e-07
    9.80926e-08
    9.48402e-08
    9.17787e-08
    8.90652e-08
    5.37855e-06
    9.46517e-08
    8.17449e-08
    7.91165e-08
    7.66566e-08
    3.67334e-06
    7.49035e-08
    7.10689e-08
    6.88644e-08
    6.65884e-08
    6.44438e-08
    3.66134e-06
    6.77464e-08
    5.91235e-08
    5.73444e-08
    5.55836e-08
    5.38973e-08
    2.49985e-06
    5.28003e-08
    4.98052e-08
    4.81599e-08
    4.66312e-08
     4.5224e-08
    2.49097e-06
     4.7568e-08
    4.15023e-08
    4.01716e-08
    3.89337e-08
    3.78448e-08
    1.70103e-06
    3.70024e-08
    3.49272e-08
    3.37822e-08
    3.27012e-08
    3.17333e-08
    1.69481e-06
    3.32711e-08
    2.91078e-08
    2.81799e-08
    2.73079e-08
    2.65469e-08
    1.15749e-06
    2.59262e-08
    2.44917e-08
    2.36912e-08
    2.29347e-08
    2.22556e-08
    1.15312e-06
     2.3261e-08
    2.04111e-08
    1.97615e-08
    1.91506e-08
    1.86159e-08
    7.87641e-07
    1.81607e-08
    1.71692e-08
    1.66095e-08
    1.60801e-08
    1.56039e-08
    7.84581e-07
      1.626e-08
    1.43088e-08
    1.38543e-08
    1.34264e-08
    5.36292e-07
    1.30373e-08
    1.24157e-08
    1.20329e-08
    1.16417e-08
    1.12713e-08
    5.34179e-07
    1.16396e-08
    1.03324e-08
    1.00219e-08
     9.7156e-09
    9.42161e-09
       3.65e-07
    9.16883e-09
     8.6888e-09
    8.40635e-09
    8.14216e-09
    7.89687e-09
    3.63453e-07
     8.1599e-09
    7.24084e-09
    7.01133e-09
    6.79639e-09
    6.60414e-09
    2.48388e-07
    6.41683e-09
    6.08414e-09
    5.88762e-09
     5.7013e-09
    5.53231e-09
    2.47305e-07
    5.70184e-09
    5.07071e-09
    4.91075e-09
    4.75967e-09
    4.62545e-09
    1.69034e-07
    4.49016e-09
    4.26006e-09
    4.12279e-09
    3.99254e-09
    3.87416e-09
    1.68276e-07
    3.98278e-09
    3.55048e-09
    3.43862e-09
    3.33291e-09
    1.15115e-07
    3.22252e-09
    3.07661e-09
    2.98218e-09
    2.88629e-09
    2.79524e-09
    1.14589e-07
    2.85132e-09
      2.561e-09
     2.4841e-09
    2.40841e-09
    2.33566e-09
    7.83536e-08
    2.26272e-09
    2.15105e-09
     2.0819e-09
    2.01691e-09
    1.95623e-09
     7.7971e-08
    1.99671e-09
    1.79267e-09
     1.7363e-09
    1.68326e-09
    1.63528e-09
    5.33253e-08
     1.5821e-09
    1.50469e-09
    1.45658e-09
    1.41084e-09
    1.36898e-09
    5.30577e-08
    1.39428e-09
     1.2541e-09
    1.21482e-09
     1.1776e-09
    1.14412e-09
    1.11492e-09
    1.08573e-09
    1.05251e-09
    1.01893e-09
    9.86975e-10
    9.57681e-10
    9.27735e-10
    9.02782e-10
    8.76086e-10
    8.49073e-10
    8.22694e-10
    7.98519e-10
    7.74693e-10
    7.51563e-10
    7.29028e-10
     7.0725e-10
     6.8597e-10
    6.65592e-10
    6.45742e-10
    6.26577e-10
     6.0783e-10
    5.89688e-10
    5.72023e-10
    5.54952e-10
    5.38389e-10
    5.22322e-10
    5.06724e-10
    4.91597e-10
    4.76922e-10
    4.62683e-10
    4.48864e-10
    4.35458e-10
    4.22453e-10
    4.09836e-10
    3.97593e-10
    3.85719e-10
    3.74198e-10
    3.63023e-10
     3.5218e-10
    3.41661e-10
    3.31457e-10
    3.21557e-10
    3.11952e-10
    3.02635e-10
    2.93595e-10
    2.84826e-10
    2.76319e-10
    2.68066e-10
     2.6006e-10
    2.52292e-10
    2.44757e-10
    2.37447e-10
    2.30355e-10
    2.23476e-10
    2.16801e-10
    2.10326e-10
    2.04044e-10
     1.9795e-10
    1.92038e-10
    1.86303e-10
    1.80738e-10
     1.7534e-10
    1.70103e-10
    1.65023e-10
    1.60094e-10
    1.55313e-10
    1.50674e-10
    1.46174e-10
    1.41808e-10
    1.37573e-10
    1.33464e-10
    1.29478e-10
    1.25611e-10
    1.21859e-10
     1.1822e-10
    1.14689e-10
    1.11264e-10
     1.0794e-10
    1.04717e-10
    1.01589e-10
     9.8555e-11
    9.56115e-11
    9.27559e-11
    8.99855e-11
     8.7298e-11
    8.46907e-11
    8.21612e-11
    7.97073e-11
    7.73267e-11
    7.50172e-11
    7.27767e-11
    7.06031e-11
    6.84944e-11
    6.64487e-11
    6.44641e-11
    6.25388e-11
     6.0671e-11
    5.88589e-11
     5.7101e-11
    5.53956e-11
    5.37411e-11
     5.2136e-11
    5.05789e-11
    4.90683e-11
    4.76028e-11
     4.6181e-11
    4.48017e-11
    4.34637e-11
    4.21655e-11
    4.09062e-11
    3.96845e-11
    3.84992e-11
    3.73494e-11
    3.62339e-11
    3.51517e-11
    3.41018e-11
    3.30833e-11
    3.20952e-11
    3.11366e-11
    3.02067e-11
    2.93045e-11
    2.84293e-11
    2.75802e-11
    2.67565e-11
    2.59573e-11
    2.51821e-11
      2.443e-11
    2.37003e-11
    2.29925e-11
    2.23058e-11
    2.16396e-11
    2.09933e-11
    2.03663e-11
     1.9758e-11
    1.91679e-11
    1.85954e-11
      1.804e-11
    1.75012e-11
    1.69785e-11
    1.64714e-11
    1.59795e-11
    1.55022e-11
    1.50392e-11
      1.459e-11
    1.41543e-11
    1.37315e-11
    1.33214e-11
    1.29236e-11
    1.25376e-11
    1.21631e-11
    1.17998e-11
    1.14474e-11
    1.11055e-11
    1.07738e-11
    1.04521e-11
    1.01399e-11
    9.83705e-12
    9.54325e-12
    9.25822e-12
    8.98171e-12
    8.71346e-12
    8.45321e-12
    8.20074e-12
    7.95581e-12
     7.7182e-12
    7.48768e-12
    7.26405e-12
     7.0471e-12
    6.83662e-12
    6.63244e-12
    6.43435e-12
    6.24217e-12
    6.05574e-12
    5.87488e-12
    5.69941e-12
    5.52919e-12
    5.36405e-12
    5.20384e-12
    5.04842e-12
    4.89764e-12
    4.75137e-12
    4.60946e-12
    4.47179e-12
    4.33823e-12
    4.20866e-12
    4.08296e-12
    3.96102e-12
    3.84272e-12
    3.72795e-12
     3.6166e-12
    3.50859e-12
     3.4038e-12
    3.30214e-12
    3.20351e-12
    3.10784e-12
    3.01501e-12
    2.92497e-12
    2.83761e-12
    2.75286e-12
    2.67064e-12
    2.59087e-12
    2.51349e-12
    2.43842e-12
     2.3656e-12
    2.29494e-12
     2.2264e-12
    2.15991e-12
     2.0954e-12
    2.03281e-12
     1.9721e-12
     1.9132e-12
    1.85606e-12
    1.80062e-12
    1.74685e-12
    1.69467e-12
    1.64406e-12
    1.59496e-12
    1.54732e-12
    1.50111e-12
    1.45627e-12
    1.41278e-12
    1.37058e-12
    1.32965e-12
    1.28994e-12
    1.25141e-12
    1.21404e-12
    1.17778e-12
     1.1426e-12
    1.10847e-12
    1.07537e-12
    1.04325e-12
    1.01209e-12
    9.81864e-13
    9.52539e-13
    9.24089e-13
     8.9649e-13
    8.69715e-13
    8.43739e-13
    8.18539e-13
    7.94092e-13
    7.70375e-13
    7.47367e-13
    7.25045e-13
    7.03391e-13
    6.82383e-13
    6.62002e-13
     6.4223e-13
    6.23049e-13
    6.04441e-13
    5.86388e-13
    5.68874e-13
    5.51884e-13
    5.35401e-13
     5.1941e-13
    5.03897e-13
    4.88847e-13
    4.74247e-13
    4.60083e-13
    4.46342e-13
    4.33011e-13
    4.20078e-13
    4.07532e-13
     3.9536e-13
    3.83552e-13
    3.72097e-13
    3.60983e-13
    3.50202e-13
    3.39743e-13
    3.29596e-13
    3.19752e-13
    3.10202e-13
    3.00937e-13
    2.91949e-13
     2.8323e-13
     2.7477e-13
    2.66564e-13
    2.58603e-13
    2.50879e-13
    2.43386e-13
    2.36117e-13
    2.29065e-13
    2.22223e-13
    2.15586e-13
    2.09147e-13
    2.02901e-13
    1.96841e-13
    1.90962e-13
    1.85258e-13
    1.79725e-13
    1.74358e-13
     1.6915e-13
    1.64098e-13
    1.59197e-13
    1.54442e-13
     1.4983e-13
    1.45355e-13
    1.41014e-13
    1.36802e-13
    1.32716e-13
    1.28752e-13
    1.24907e-13
    1.21176e-13
    1.17557e-13
    1.14046e-13
     1.1064e-13
    1.07335e-13
     1.0413e-13
     1.0102e-13
    9.80026e-14
    9.50756e-14
     9.2236e-14
    8.94812e-14
    8.68087e-14
     8.4216e-14
    8.17007e-14
    7.92606e-14
    7.68933e-14
    7.45968e-14
    7.23688e-14
    7.02074e-14
    6.81105e-14
    6.60763e-14
    6.41028e-14
    6.21883e-14
    6.03309e-14
     5.8529e-14
     5.6781e-14
    5.50851e-14
    5.34399e-14
    5.18438e-14
    5.02954e-14
    4.87932e-14
    4.73359e-14
    4.59222e-14
    4.45506e-14
    4.32201e-14
    4.19292e-14
    4.06769e-14
     3.9462e-14
    3.82834e-14
      3.714e-14
    3.60308e-14
    3.49547e-14
    3.39107e-14
    3.28979e-14
    3.19153e-14
    3.09621e-14
    3.00374e-14
    2.91403e-14
    2.82699e-14
    2.74256e-14
    2.66065e-14
    2.58118e-14
    2.50409e-14
     2.4293e-14
    2.35675e-14
    2.28636e-14
    2.21807e-14
    2.15183e-14
    2.08756e-14
    2.02521e-14
    1.96472e-14
    1.90604e-14
    1.84912e-14
    1.79389e-14
    1.74031e-14
    1.68834e-14
    1.63791e-14
    1.58899e-14
    1.54153e-14
    1.49549e-14
    1.45083e-14
     1.4075e-14
    1.36546e-14
    1.32468e-14
    1.28511e-14
    1.24673e-14
    1.20949e-14
    1.17337e-14
    1.13833e-14
    1.10433e-14
    1.07135e-14
    1.03935e-14
    1.00831e-14
    9.78191e-15
    9.48976e-15
    9.20633e-15
    8.93137e-15
    8.66462e-15
    8.40583e-15
    8.15478e-15
    7.91122e-15
    7.67494e-15
    7.44572e-15
    7.22334e-15
     7.0076e-15
     6.7983e-15
    6.59526e-15
    6.39828e-15
    6.20719e-15
     6.0218e-15
    5.84195e-15
    5.66747e-15
     5.4982e-15
