              0
              0
              0
              0
              0
              0
              0
              0
              0
     0.00792126
              0
    4.65725e-05
    3.98301e-05
    0.000127985
     0.00889008
    9.57758e-05
     0.00360294
     0.00372194
     0.00718859
     0.00531942
     0.00181509
     0.00698374
       0.035807
     0.00266468
     0.00814919
     0.00107229
     0.00250604
     0.00101878
    0.000727225
     0.00449991
    0.000336066
    0.000426626
    0.000911679
     0.00288752
    0.000393309
    0.000396316
    0.000550305
    0.000368879
     0.00148638
    0.000268031
    0.000279945
     0.00156242
     0.00012932
    0.000119332
    0.000193311
     0.00558486
    0.000136569
     0.00019049
     0.00151933
     7.1137e-05
    0.000904748
    8.89948e-05
    0.000123374
    7.03184e-05
     4.9251e-05
    0.000419784
     0.00119319
    5.87588e-05
    0.000410408
    5.54477e-05
    9.22374e-05
    0.000613515
    2.86826e-05
    6.01215e-05
    8.54248e-05
    3.77747e-05
    3.62972e-05
     2.2764e-05
    0.000759304
    2.30655e-05
    0.000137901
    6.44503e-05
    3.20833e-05
     0.00044469
    3.55871e-05
    4.81246e-05
    2.36722e-05
    1.11175e-05
     9.4249e-06
    1.05931e-05
    0.000513654
     1.1983e-05
    1.89355e-05
     3.8471e-05
    1.41077e-05
    0.000277578
    1.76001e-05
    3.75005e-05
    1.53488e-05
    9.49629e-06
     8.3537e-06
    6.78047e-06
    0.000348889
    7.65107e-06
    1.22181e-05
    2.53499e-05
    8.56384e-06
    0.000186116
    1.08135e-05
    2.02171e-05
    9.19206e-06
    4.10306e-06
    3.42246e-06
    4.08361e-06
    0.000236718
    4.85691e-06
    8.03822e-06
    1.70066e-05
    5.63981e-06
     0.00012643
    7.25152e-06
    1.36524e-05
    6.17149e-06
    2.72295e-06
    2.29286e-06
    0.000161514
    2.18696e-06
    3.28817e-06
    5.45404e-06
    1.15612e-05
    8.74253e-05
     3.0078e-06
    6.15393e-06
    1.02581e-05
    2.21592e-06
    1.66985e-06
    2.15628e-06
    0.000109559
    2.32053e-06
    3.75042e-06
    7.90214e-06
    2.62058e-06
    5.84915e-05
    3.39192e-06
    6.32527e-06
    2.89742e-06
     1.2803e-06
    1.08446e-06
    1.28183e-06
    7.44355e-05
    1.52937e-06
    2.52776e-06
     5.3463e-06
    1.77242e-06
    3.97528e-05
    2.27937e-06
    4.29197e-06
    1.94009e-06
    8.55686e-07
    7.20665e-07
    8.64829e-07
    5.06078e-05
    1.03377e-06
    1.71483e-06
      3.633e-06
    1.20311e-06
    2.70301e-05
    1.54838e-06
    2.91732e-06
    1.31816e-06
    5.81063e-07
    4.89343e-07
    3.45333e-05
    4.67064e-07
    7.02633e-07
    1.16582e-06
    2.47169e-06
    1.86925e-05
    6.42943e-07
    1.31566e-06
    2.19321e-06
    4.73709e-07
    3.56971e-07
     4.6099e-07
    2.34251e-05
    4.96129e-07
    8.01866e-07
    1.68957e-06
    5.60302e-07
    1.25063e-05
    7.25229e-07
    1.35242e-06
    6.19502e-07
    2.73742e-07
    2.31869e-07
     2.7407e-07
    1.59153e-05
    3.26999e-07
    5.40469e-07
    1.14311e-06
    3.78966e-07
     8.4997e-06
    4.87361e-07
    9.17682e-07
    4.14818e-07
    1.82957e-07
    1.54088e-07
    1.84912e-07
    1.08206e-05
    2.21034e-07
    3.66655e-07
    7.76786e-07
     2.5724e-07
     5.7794e-06
    3.31065e-07
    6.23764e-07
    2.81841e-07
    1.24239e-07
    1.04628e-07
    7.38369e-06
    9.98647e-08
    1.50233e-07
    2.49268e-07
    5.28481e-07
    3.99672e-06
     1.3747e-07
    2.81307e-07
    4.68939e-07
    1.01285e-07
    7.63252e-08
     9.8566e-08
    5.00861e-06
    1.06079e-07
     1.7145e-07
    3.61253e-07
      1.198e-07
    2.67401e-06
    1.55064e-07
    2.89166e-07
    1.32458e-07
    5.85298e-08
    4.95768e-08
       5.86e-08
    3.40292e-06
    6.99168e-08
     1.1556e-07
    2.44413e-07
    8.10281e-08
    1.81735e-06
    1.04204e-07
    1.96213e-07
    8.86938e-08
    3.91188e-08
    3.29461e-08
    3.95368e-08
     2.3136e-06
      4.726e-08
    7.83958e-08
    1.66088e-07
    5.50016e-08
    1.23572e-06
    7.07862e-08
    1.33369e-07
    6.02614e-08
     2.6564e-08
    2.23709e-08
    1.57873e-06
    2.13525e-08
    3.21218e-08
    5.32969e-08
    1.12996e-07
    8.54554e-07
     2.9393e-08
    6.01472e-08
    1.00266e-07
    2.16562e-08
    1.63194e-08
    2.10748e-08
    1.07091e-06
    2.26812e-08
    3.66584e-08
    7.72408e-08
    2.56149e-08
    5.71741e-07
    3.31548e-08
    6.18278e-08
    2.83213e-08
    1.25145e-08
    1.06002e-08
    1.25295e-08
    7.27591e-07
    1.49492e-08
    2.47082e-08
    5.22588e-08
    1.73249e-08
    3.88575e-07
    2.22803e-08
     4.1953e-08
     1.8964e-08
    8.36413e-09
    7.04433e-09
     8.4535e-09
     4.9468e-07
    1.01048e-08
    1.67621e-08
    3.55118e-08
    1.17601e-08
    2.64213e-07
    1.51351e-08
    2.85162e-08
    1.28847e-08
    5.67976e-09
    4.78321e-09
    5.74292e-09
    3.36378e-07
    6.86808e-09
    1.13956e-08
    2.41462e-08
    7.99535e-09
    1.79664e-07
    1.02909e-08
    1.93903e-08
      8.761e-09
    3.86174e-09
    3.25219e-09
    2.29537e-07
    3.10426e-09
     4.6701e-09
    7.74886e-09
    1.64288e-08
    1.24246e-07
    4.27347e-09
    8.74495e-09
    1.45779e-08
    3.14863e-09
     2.3727e-09
    3.06411e-09
    1.55703e-07
    3.29768e-09
    5.32987e-09
    1.12303e-08
    3.72423e-09
    8.31273e-08
    4.82049e-09
    8.98934e-09
    4.11773e-09
    1.81952e-09
     1.5412e-09
     1.8217e-09
    1.05787e-07
    2.17351e-09
    3.59241e-09
    7.59809e-09
    2.51893e-09
    5.64963e-08
    3.23941e-09
    6.09969e-09
    2.75723e-09
    1.21609e-09
     1.0242e-09
    1.22908e-09
    7.19231e-08
    1.46918e-09
     2.4371e-09
    5.16318e-09
    1.70984e-09
    3.84148e-08
    2.20054e-09
    4.14607e-09
    1.87335e-09
    8.25799e-10
    6.95448e-10
    4.90783e-08
    6.63786e-10
    9.98573e-10
    1.65685e-09
    3.51273e-09
    2.65656e-08
    9.13743e-10
     1.8698e-09
    3.11697e-09
    6.73229e-10
    5.07322e-10
    6.55154e-10
    3.32915e-08
    7.05092e-10
     1.1396e-09
    2.40119e-09
    7.96294e-10
    1.77738e-08
    1.03069e-09
    1.92205e-09
    8.80429e-10
    3.89039e-10
    3.29529e-10
    3.89505e-10
    2.26187e-08
    4.64727e-10
    7.68108e-10
    1.62458e-09
    5.38582e-10
    1.20797e-08
    6.92631e-10
     1.3042e-09
    5.89534e-10
    2.60017e-10
    2.18988e-10
    2.62795e-10
    1.53782e-08
     3.1413e-10
    5.21085e-10
    1.10396e-09
    3.65587e-10
    8.21361e-09
    4.70505e-10
    8.86486e-10
    4.00548e-10
    1.76567e-10
    1.48696e-10
    1.04936e-08
    1.41927e-10
    2.13509e-10
    3.54256e-10
     7.5107e-10
    5.68009e-09
    1.95371e-10
     3.9979e-10
     6.6645e-10
    1.43946e-10
    1.08472e-10
    1.40081e-10
    7.11817e-09
    1.50758e-10
    2.43663e-10
    5.13408e-10
    1.70259e-10
    3.80028e-09
    2.20375e-10
     4.1096e-10
    1.88248e-10
    8.31818e-11
    7.04579e-11
    8.32816e-11
    4.83619e-09
    9.93649e-11
    1.64232e-10
    3.47357e-10
    1.15156e-10
     2.5828e-09
    1.48094e-10
    2.78856e-10
    1.26051e-10
    5.55951e-11
    4.68226e-11
    5.61892e-11
    3.28806e-09
    6.71653e-11
    1.11415e-10
    2.36042e-10
    7.81675e-11
    1.75618e-09
      1.006e-10
    1.89543e-10
    8.56428e-11
    3.77525e-11
    3.17933e-11
    2.24368e-09
    3.03459e-11
    4.56511e-11
    7.57449e-11
    1.60589e-10
    1.21448e-09
     4.1773e-11
    8.54805e-11
    1.42496e-10
    3.07776e-11
    2.31929e-11
    2.99512e-11
    1.52196e-09
    3.22342e-11
    5.20984e-11
    1.09774e-10
    3.64036e-11
    8.12551e-10
    4.71192e-11
    8.78689e-11
      4.025e-11
    1.77854e-11
    1.50649e-11
    1.78068e-11
    1.03404e-09
    2.12456e-11
    3.51151e-11
    7.42696e-11
     2.4622e-11
    5.52238e-10
    3.16645e-11
    5.96231e-11
    2.69513e-11
     1.1887e-11
    1.00113e-11
     1.2014e-11
    7.03033e-10
    1.43609e-11
    2.38221e-11
     5.0469e-11
    1.67133e-11
    3.75496e-10
    2.15098e-11
    4.05269e-11
    1.83116e-11
    8.07201e-12
    6.79785e-12
    8.16177e-12
    4.78056e-10
    9.76083e-12
    1.61953e-11
    3.43162e-11
    1.13629e-11
    2.55336e-10
    1.46253e-11
    2.75572e-11
     1.2451e-11
    5.48826e-12
    4.62197e-12
    3.26216e-10
    4.41174e-12
    6.63709e-12
    1.10126e-11
    2.33484e-11
    1.76577e-10
    6.07341e-12
    1.24282e-11
    2.07179e-11
     4.4748e-12
    3.37205e-12
    4.35467e-12
    2.21283e-10
    4.68662e-12
    7.57475e-12
    1.59604e-11
    5.29284e-12
     1.1814e-10
    6.85082e-12
    1.27755e-11
    5.85207e-12
    2.58588e-12
    2.19033e-12
    2.58898e-12
    1.50343e-10
    3.08897e-12
     5.1055e-12
    1.07983e-11
    3.57987e-12
    8.02918e-11
    4.60381e-12
    8.66881e-12
    3.91855e-12
    1.72829e-12
    1.45558e-12
    1.74676e-12
    1.02216e-10
    2.08798e-12
    3.46357e-12
    7.33785e-12
       2.43e-12
    5.45947e-11
    3.12738e-12
    5.89234e-12
    2.66239e-12
    1.17362e-12
    9.88362e-13
    6.97495e-11
    9.43365e-13
    1.41916e-12
    2.35469e-12
    4.99225e-12
    3.77547e-11
     1.2986e-12
    2.65734e-12
    4.42979e-12
    9.56785e-13
       7.21e-13
    9.31097e-13
    4.73134e-11
    1.00207e-12
    1.61959e-12
    3.41255e-12
    1.13168e-12
    2.52599e-11
     1.4648e-12
    2.73159e-12
    1.25125e-12
    5.52897e-13
    4.68323e-13
     5.5356e-13
    3.21454e-11
    6.60464e-13
    1.09163e-12
    2.30883e-12
    7.65426e-13
    1.71675e-11
    9.84359e-13
    1.85351e-12
    8.37839e-13
    3.69532e-13
    3.11223e-13
    3.73481e-13
    2.96911e-13
    4.46438e-13
     7.4056e-13
    1.56893e-12
    5.18656e-13
    3.20355e-13
    5.80634e-13
    1.00488e-12
    1.81221e-13
    1.31272e-13
     1.1586e-13
    7.67936e-14
    6.12936e-14
    4.96311e-14
    4.38326e-14
    3.76009e-14
    3.49951e-14
    3.01257e-14
    2.41998e-14
    2.19712e-14
    1.55999e-14
    1.23632e-14
    8.78927e-15
    7.25048e-15
    5.42637e-15
    4.08241e-15
    3.18903e-15
    2.63241e-15
    2.15615e-15
    1.74489e-15
    1.39615e-15
    1.12914e-15
    8.88824e-16
    7.12224e-16
    5.57555e-16
    4.35758e-16
    3.37448e-16
    2.65512e-16
    2.06965e-16
    1.64528e-16
    1.30559e-16
    1.04173e-16
     8.3325e-17
    6.65533e-17
     5.2825e-17
    4.17761e-17
    3.28966e-17
    2.59281e-17
    2.04159e-17
    1.61326e-17
    1.27299e-17
    1.00689e-17
    7.97412e-18
    6.33209e-18
    5.03133e-18
    3.99958e-18
    3.17572e-18
    2.51858e-18
    1.99337e-18
    1.57582e-18
    1.24439e-18
    9.82768e-19
     7.7634e-19
    6.13983e-19
    4.85843e-19
    3.84757e-19
    3.04796e-19
    2.41541e-19
    1.91399e-19
    1.51652e-19
     1.2009e-19
    9.50556e-20
    7.52033e-20
    5.94862e-20
    4.70516e-20
    3.72236e-20
    2.94553e-20
    2.33157e-20
    1.84606e-20
    1.46194e-20
    1.15782e-20
    9.16941e-21
    7.26082e-21
    5.74862e-21
    4.55054e-21
    3.60169e-21
    2.85044e-21
    2.25587e-21
     1.7854e-21
    1.41318e-21
    1.11865e-21
    8.85586e-22
     7.0111e-22
    5.55074e-22
    4.39447e-22
    3.47892e-22
    2.75395e-22
    2.17994e-22
     1.7255e-22
    1.36576e-22
    1.08103e-22
    8.55683e-23
    6.77332e-23
    5.36175e-23
    4.24448e-23
    3.36009e-23
    2.65999e-23
    2.10574e-23
    1.66696e-23
    1.31958e-23
    1.04457e-23
    8.26863e-24
    6.54526e-24
    5.18108e-24
    4.10126e-24
    3.24653e-24
    2.56995e-24
     2.0344e-24
    1.61045e-24
    1.27486e-24
    1.00919e-24
    7.98878e-25
    6.32391e-25
    5.00596e-25
    3.96267e-25
     3.1368e-25
    2.48306e-25
    1.96557e-25
    1.55593e-25
    1.23168e-25
    9.74996e-26
    7.71809e-26
    6.10966e-26
    4.83642e-26
    3.82851e-26
    3.03065e-26
    2.39905e-26
    1.89908e-26
     1.5033e-26
    1.19001e-26
    9.42007e-27
    7.45691e-27
    5.90288e-27
    4.67272e-27
    3.69893e-27
    2.92807e-27
    2.31786e-27
    1.83482e-27
    1.45244e-27
    1.14975e-27
    9.10135e-28
     7.2046e-28
    5.70315e-28
     4.5146e-28
    3.57374e-28
    2.82897e-28
    2.23941e-28
    1.77271e-28
    1.40328e-28
    1.11083e-28
    8.79333e-29
    6.96079e-29
    5.51014e-29
    4.36182e-29
    3.45281e-29
    2.73323e-29
    2.16362e-29
    1.71272e-29
    1.35579e-29
    1.07324e-29
    8.49574e-30
    6.72522e-30
    5.32367e-30
    4.21421e-30
    3.33596e-30
    2.64074e-30
     2.0904e-30
    1.65476e-30
    1.30991e-30
    1.03692e-30
    8.20823e-31
    6.49762e-31
     5.1435e-31
    4.07159e-31
    3.22306e-31
    2.55137e-31
    2.01966e-31
    1.59876e-31
    1.26558e-31
    1.00183e-31
    7.93045e-32
    6.27773e-32
    4.96944e-32
     3.9338e-32
    3.11399e-32
    2.46503e-32
    1.95131e-32
    1.54465e-32
    1.22275e-32
    9.67924e-33
    7.66207e-33
    6.06528e-33
    4.80126e-33
    3.80067e-33
    3.00861e-33
    2.38161e-33
    1.88528e-33
    1.49238e-33
    1.18137e-33
    9.35167e-34
    7.40277e-34
    5.86002e-34
    4.63878e-34
    3.67205e-34
    2.90679e-34
    2.30101e-34
    1.82147e-34
    1.44188e-34
    1.14139e-34
    9.03519e-35
    7.15224e-35
     5.6617e-35
    4.48179e-35
    3.54778e-35
    2.80842e-35
    2.22314e-35
    1.75983e-35
    1.39308e-35
    1.10276e-35
    8.72943e-36
     6.9102e-36
     5.4701e-36
    4.33012e-36
    3.42772e-36
    2.71338e-36
     2.1479e-36
    1.70028e-36
    1.34594e-36
    1.06544e-36
    8.43401e-37
    6.67634e-37
    5.28498e-37
    4.18358e-37
    3.31172e-37
    2.62155e-37
    2.07521e-37
    1.64274e-37
    1.30039e-37
    1.02938e-37
    8.14858e-38
     6.4504e-38
    5.10613e-38
      4.042e-38
    3.19964e-38
    2.53283e-38
    2.00498e-38
    1.58714e-38
    1.25638e-38
    9.94547e-39
    7.87282e-39
    6.23211e-39
    4.93333e-39
    3.90521e-39
    3.09136e-39
    2.44712e-39
    1.93713e-39
    1.53343e-39
    1.21386e-39
     9.6089e-40
    7.60639e-40
     6.0212e-40
    4.76637e-40
    3.77305e-40
    2.98674e-40
     2.3643e-40
    1.87158e-40
    1.48154e-40
    1.17278e-40
    9.28372e-41
    7.34897e-41
    5.81744e-41
    4.60507e-41
    3.64537e-41
    2.88567e-41
    2.28429e-41
    1.80824e-41
     1.4314e-41
    1.13309e-41
    8.96954e-42
    7.10027e-42
    5.62056e-42
    4.44923e-42
      3.522e-42
    2.78801e-42
    2.20698e-42
    1.74704e-42
    1.38296e-42
    1.09475e-42
    8.66599e-43
    6.85998e-43
    5.43035e-43
    4.29866e-43
    3.40281e-43
    2.69366e-43
    2.13229e-43
    1.68792e-43
    1.33616e-43
     1.0577e-43
    8.37272e-44
    6.62783e-44
    5.24658e-44
    4.15318e-44
    3.28765e-44
     2.6025e-44
    2.06013e-44
     1.6308e-44
    1.29094e-44
     1.0219e-44
    8.08937e-45
    6.40353e-45
    5.06902e-45
    4.01263e-45
    3.17639e-45
    2.51443e-45
    1.99042e-45
    1.57561e-45
    1.24725e-45
     9.8732e-46
    7.81561e-46
    6.18682e-46
    4.89748e-46
    3.87684e-46
     3.0689e-46
    2.42933e-46
    1.92306e-46
    1.52229e-46
    1.20504e-46
    9.53908e-47
    7.55112e-47
    5.97745e-47
    4.73174e-47
    3.74564e-47
    2.96504e-47
    2.34712e-47
    1.85798e-47
    1.47077e-47
    1.16426e-47
    9.21626e-48
    7.29557e-48
    5.77516e-48
    4.57161e-48
    3.61888e-48
     2.8647e-48
    2.26769e-48
     1.7951e-48
      1.421e-48
    1.12486e-48
    8.90436e-49
    7.04868e-49
    5.57972e-49
     4.4169e-49
    3.49641e-49
    2.76775e-49
    2.19095e-49
    1.73435e-49
    1.37291e-49
    1.08679e-49
    8.60302e-50
    6.81014e-50
    5.39089e-50
    4.26742e-50
    3.37808e-50
    2.67408e-50
     2.1168e-50
    1.67566e-50
    1.32645e-50
    1.05001e-50
    8.31188e-51
    6.57967e-51
    5.20845e-51
      4.123e-51
    3.26376e-51
    2.58359e-51
    2.04516e-51
    1.61895e-51
    1.28156e-51
    1.01448e-51
    8.03059e-52
      6.357e-52
    5.03219e-52
    3.98347e-52
    3.15331e-52
    2.49615e-52
    1.97595e-52
    1.56416e-52
    1.23819e-52
    9.80146e-53
    7.75882e-53
    6.14187e-53
    4.86189e-53
    3.84866e-53
     3.0466e-53
