              0
              0
              0
              0
              0
              0
              0
              0
              0
              0
     0.00944305
      0.0082655
     0.00799904
    0.000191976
     0.00170429
     0.00997302
     0.00477286
      0.0107289
     0.00363299
     0.00837677
      0.0249021
      0.0256069
      0.0109292
      0.0128114
      0.0133044
     0.00747095
      0.0121927
     0.00732906
     0.00865886
       0.007461
      0.0163105
     0.00777331
      0.0090956
      0.0077601
     0.00805366
      0.0121802
      0.0118884
     0.00711699
     0.00754507
     0.00850868
     0.00660609
     0.00668946
     0.00652806
     0.00639908
     0.00886204
     0.00759692
     0.00786222
     0.00879633
     0.00861502
     0.00582693
     0.00591913
     0.00557954
     0.00591076
     0.00542237
     0.00522509
     0.00521607
     0.00526949
     0.00552586
     0.00677592
     0.00650735
     0.00478751
     0.00462938
     0.00448825
      0.0043588
     0.00422764
     0.00407547
     0.00403695
     0.00401649
     0.00394457
     0.00380565
     0.00493206
     0.00487165
     0.00349196
     0.00363756
     0.00331269
     0.00327251
     0.00314281
     0.00304272
     0.00301092
     0.00299919
     0.00284662
     0.00283811
     0.00358954
     0.00354173
     0.00261855
     0.00260364
     0.00248172
     0.00243129
     0.00234676
     0.00226983
     0.00224047
      0.0022184
     0.00211514
     0.00209936
     0.00259293
     0.00255108
     0.00191387
     0.00190084
      0.0018056
     0.00177267
     0.00171061
     0.00165597
     0.00163131
     0.00161385
        0.00154
       0.001526
     0.00185917
     0.00182759
     0.00139195
     0.00138048
     0.00131354
     0.00128878
     0.00124451
     0.00120519
      0.0011864
     0.00117237
     0.00112004
     0.00136536
     0.00132459
     0.00106664
     0.00102055
     0.00099524
    0.000959173
    0.000936474
    0.000899686
    0.000886877
    0.000874129
    0.000836965
    0.000825817
    0.000976488
     0.00095829
    0.000753428
    0.000744725
     0.00071103
    0.000696596
    0.000673215
    0.000651729
    0.000640339
    0.000631054
    0.000604187
    0.000596165
    0.000697522
    0.000684147
    0.000543939
    0.000537117
    0.000513014
    0.000502224
    0.000485411
    0.000470218
     0.00046159
     0.00045452
      0.0004355
    0.000429344
    0.000497506
    0.000487754
      0.0003917
    0.000386423
    0.000369377
    0.000361434
      0.0003494
    0.000338499
    0.000332065
    0.000326719
    0.000313254
    0.000363498
     0.00035264
    0.000295408
    0.000283538
    0.000276172
    0.000266566
    0.000259875
    0.000250228
    0.000245761
    0.000241359
    0.000231787
    0.000227826
    0.000258511
    0.000253136
    0.000207893
    0.000204635
    0.000196074
    0.000191673
    0.000185398
    0.000179566
     0.00017593
     0.00017278
    0.000165905
    0.000163093
    0.000183701
    0.000179809
    0.000148829
    0.000146399
    0.000140302
    0.000137081
    0.000132599
     0.00012849
    0.000125811
    0.000123489
    0.000118637
    0.000116558
    0.000130393
     0.00012759
    0.000106357
    0.000104553
    0.000100253
    9.79196e-05
      9.473e-05
    9.18014e-05
    8.98454e-05
    8.81395e-05
    8.47146e-05
    9.49277e-05
    9.20921e-05
    7.93566e-05
    7.63349e-05
    7.42908e-05
    7.17817e-05
    6.99094e-05
    6.74183e-05
    6.60475e-05
    6.47031e-05
    6.22653e-05
    6.10389e-05
    6.72317e-05
    6.57252e-05
    5.57052e-05
    5.46724e-05
     5.2516e-05
    5.12586e-05
      4.961e-05
    4.80653e-05
    4.69989e-05
    4.60451e-05
    4.43033e-05
    4.34384e-05
    4.75887e-05
    4.65083e-05
    3.96436e-05
    3.88904e-05
    3.73603e-05
    3.64517e-05
    3.52801e-05
    3.41946e-05
    3.34209e-05
    3.27297e-05
    3.15033e-05
    3.08756e-05
    3.36558e-05
     3.2884e-05
    2.81767e-05
    2.76287e-05
    2.65519e-05
       2.59e-05
    2.50698e-05
    2.42998e-05
    2.37421e-05
     2.3242e-05
    2.23784e-05
    2.44347e-05
    2.37048e-05
    2.08619e-05
    2.00995e-05
    1.95496e-05
    1.89037e-05
    1.83972e-05
    1.77615e-05
    1.73685e-05
     1.6984e-05
    1.63687e-05
    1.60153e-05
    1.72508e-05
    1.68428e-05
    1.46171e-05
    1.43154e-05
    1.37759e-05
     1.3431e-05
    1.30047e-05
    1.26028e-05
    1.23054e-05
     1.2034e-05
    1.15962e-05
    1.13479e-05
    1.21737e-05
     1.1883e-05
    1.03574e-05
    1.01401e-05
    9.75848e-06
    9.51133e-06
    9.20953e-06
    8.92767e-06
    8.71397e-06
    8.51936e-06
    8.21169e-06
     8.0334e-06
    8.58507e-06
    8.37859e-06
    7.33184e-06
    7.17562e-06
    6.90751e-06
     6.7314e-06
    6.51824e-06
    6.31901e-06
    6.16621e-06
    6.02673e-06
     5.8105e-06
    5.68252e-06
    6.05108e-06
    5.90431e-06
    5.18634e-06
    5.07413e-06
      4.886e-06
     4.7606e-06
    4.61018e-06
     4.4694e-06
    4.36034e-06
     4.2605e-06
    4.10862e-06
    4.38206e-06
    4.25117e-06
     3.8138e-06
    3.67964e-06
    3.57707e-06
    3.46121e-06
    3.36628e-06
     3.2532e-06
    3.17602e-06
     3.1007e-06
    2.99238e-06
    2.92269e-06
    3.08459e-06
    3.00805e-06
    2.66774e-06
    2.60768e-06
    2.51352e-06
    2.44812e-06
    2.37135e-06
    2.29856e-06
    2.24139e-06
    2.18843e-06
    2.11168e-06
    2.06285e-06
     2.1706e-06
    2.11637e-06
    1.88293e-06
    1.84009e-06
    1.77367e-06
    1.72714e-06
    1.67298e-06
    1.62203e-06
    1.58128e-06
    1.54359e-06
    1.48975e-06
      1.455e-06
    1.52664e-06
     1.4883e-06
    1.32804e-06
     1.2975e-06
    1.25093e-06
    1.21796e-06
    1.17982e-06
    1.14392e-06
    1.11498e-06
    1.08817e-06
    1.05041e-06
    1.10374e-06
    1.07077e-06
     9.7242e-07
    9.39046e-07
    9.12567e-07
    8.83382e-07
    8.58804e-07
    8.30474e-07
    8.09943e-07
    7.89929e-07
    7.62977e-07
    7.44399e-07
    7.75446e-07
    7.55619e-07
    6.79497e-07
    6.63397e-07
    6.40104e-07
    6.23053e-07
    6.03663e-07
    5.85215e-07
     5.7019e-07
    5.56151e-07
    5.37104e-07
    5.24108e-07
    5.44665e-07
    5.30664e-07
    4.78418e-07
    4.66993e-07
    4.50596e-07
    4.38515e-07
    4.24867e-07
    4.11967e-07
    4.01308e-07
    3.91363e-07
     3.7802e-07
    3.68811e-07
    3.82405e-07
    3.72536e-07
    3.36648e-07
    3.28545e-07
     3.1706e-07
    3.08529e-07
    2.98937e-07
    2.89868e-07
    2.82327e-07
    2.75284e-07
    2.65936e-07
    2.76104e-07
    2.67857e-07
    2.45666e-07
    2.37403e-07
    2.30648e-07
    2.23346e-07
    2.17062e-07
    2.10006e-07
    2.04647e-07
    1.99428e-07
    1.92754e-07
    1.87897e-07
    1.93677e-07
    1.88605e-07
    1.71521e-07
    1.67295e-07
    1.61555e-07
    1.57172e-07
     1.5231e-07
    1.47672e-07
    1.43786e-07
    1.40131e-07
    1.35425e-07
    1.32031e-07
     1.3583e-07
    1.32258e-07
    1.20526e-07
    1.17538e-07
    1.13504e-07
    1.10409e-07
    1.06993e-07
    1.03752e-07
    1.01006e-07
    9.84252e-08
    9.51318e-08
    9.27356e-08
    9.52276e-08
    9.27153e-08
    8.46519e-08
    8.25408e-08
     7.9718e-08
    7.75378e-08
    7.51414e-08
     7.2867e-08
    7.09295e-08
    6.91081e-08
    6.68032e-08
    6.86804e-08
     6.6629e-08
    6.16048e-08
    5.95669e-08
    5.78595e-08
    5.60432e-08
    5.44519e-08
    5.27031e-08
    5.13244e-08
    4.99824e-08
     4.8336e-08
    4.70848e-08
    4.81143e-08
    4.68296e-08
    4.29827e-08
    4.18907e-08
    4.04805e-08
     3.9366e-08
    3.81545e-08
    3.69958e-08
     3.6003e-08
    3.50644e-08
    3.39058e-08
    3.30324e-08
    3.37012e-08
    3.27983e-08
    3.01548e-08
    2.93851e-08
    2.83955e-08
    2.76103e-08
    2.67605e-08
    2.59516e-08
    2.52517e-08
    2.45909e-08
    2.37808e-08
    2.31657e-08
    2.35988e-08
     2.2965e-08
    2.11471e-08
    2.06047e-08
    1.99128e-08
     1.9361e-08
    1.87655e-08
    1.81986e-08
    1.77061e-08
    1.72408e-08
    1.66744e-08
    1.62411e-08
    1.65211e-08
    1.60759e-08
     1.4826e-08
    1.44439e-08
    1.39605e-08
    1.35727e-08
    1.31556e-08
    1.27583e-08
     1.2412e-08
    1.20845e-08
    1.16885e-08
    1.19024e-08
    1.15469e-08
    1.07609e-08
    1.04107e-08
    1.01102e-08
    9.79545e-09
    9.51489e-09
     9.2129e-09
    8.96614e-09
    8.72611e-09
    8.44316e-09
    8.21897e-09
    8.32764e-09
    8.10107e-09
    7.50316e-09
    7.30694e-09
    7.06557e-09
    6.86829e-09
    6.65796e-09
    6.45632e-09
    6.27981e-09
    6.11212e-09
    5.91338e-09
    5.75701e-09
    5.82575e-09
    5.66682e-09
    5.25565e-09
    5.11771e-09
    4.94858e-09
    4.80994e-09
    4.66262e-09
    4.52196e-09
    4.39784e-09
    4.28005e-09
    4.14123e-09
    4.03138e-09
    4.07455e-09
    3.96317e-09
    3.68022e-09
    3.58327e-09
    3.46513e-09
    3.36788e-09
    3.26479e-09
    3.16634e-09
    3.07919e-09
    2.99646e-09
    2.89948e-09
    2.93326e-09
    2.84565e-09
    2.66634e-09
    2.58055e-09
     2.5057e-09
    2.42812e-09
    2.35817e-09
    2.28393e-09
    2.22179e-09
    2.16137e-09
    2.09204e-09
    2.03554e-09
    2.05047e-09
    1.99396e-09
     1.8583e-09
    1.80876e-09
    1.74979e-09
    1.70047e-09
    1.64857e-09
    1.59874e-09
    1.55448e-09
     1.5123e-09
    1.46367e-09
    1.42428e-09
     1.4332e-09
    1.39362e-09
    1.30027e-09
    1.26551e-09
    1.22423e-09
    1.18962e-09
    1.15331e-09
    1.11856e-09
    1.08749e-09
    1.05791e-09
    1.02397e-09
    9.96342e-10
    9.66667e-10
    9.40084e-10
    9.08764e-10
    8.83088e-10
    8.55102e-10
    8.30147e-10
    8.04596e-10
    7.80805e-10
    7.57402e-10
    7.34806e-10
    7.12786e-10
    6.91556e-10
    6.70932e-10
    6.50934e-10
    6.31537e-10
     6.1273e-10
    5.94424e-10
    5.76647e-10
    5.59387e-10
    5.42693e-10
    5.26481e-10
    5.10759e-10
    4.95507e-10
    4.80718e-10
    4.66361e-10
    4.52441e-10
    4.38928e-10
    4.25822e-10
    4.13103e-10
    4.00765e-10
    3.88794e-10
    3.77183e-10
    3.65916e-10
    3.54988e-10
    3.44385e-10
    3.34099e-10
     3.2412e-10
    3.14439e-10
    3.05048e-10
    2.95937e-10
    2.87098e-10
    2.78523e-10
    2.70204e-10
    2.62134e-10
    2.54305e-10
     2.4671e-10
    2.39341e-10
    2.32193e-10
    2.25258e-10
     2.1853e-10
    2.12004e-10
    2.05672e-10
    1.99529e-10
     1.9357e-10
    1.87788e-10
     1.8218e-10
    1.76739e-10
     1.7146e-10
    1.66339e-10
    1.61371e-10
    1.56552e-10
    1.51876e-10
     1.4734e-10
    1.42939e-10
     1.3867e-10
    1.34529e-10
    1.30511e-10
    1.26613e-10
    1.22831e-10
    1.19163e-10
    1.15604e-10
    1.12151e-10
    1.08801e-10
    1.05552e-10
    1.02399e-10
     9.9341e-11
     9.6374e-11
    9.34956e-11
    9.07032e-11
    8.79942e-11
    8.53661e-11
    8.28165e-11
    8.03431e-11
    7.79435e-11
    7.56156e-11
    7.33572e-11
    7.11662e-11
    6.90407e-11
    6.69787e-11
    6.49783e-11
    6.30376e-11
    6.11549e-11
    5.93284e-11
    5.75564e-11
    5.58374e-11
    5.41697e-11
    5.25518e-11
    5.09823e-11
    4.94596e-11
    4.79824e-11
    4.65493e-11
    4.51591e-11
    4.38103e-11
    4.25018e-11
    4.12324e-11
     4.0001e-11
    3.88063e-11
    3.76473e-11
    3.65229e-11
     3.5432e-11
    3.43738e-11
    3.33472e-11
    3.23512e-11
     3.1385e-11
    3.04476e-11
    2.95382e-11
     2.8656e-11
    2.78002e-11
    2.69699e-11
    2.61644e-11
    2.53829e-11
    2.46248e-11
    2.38893e-11
    2.31759e-11
    2.24837e-11
    2.18122e-11
    2.11607e-11
    2.05287e-11
    1.99156e-11
    1.93208e-11
    1.87437e-11
    1.81839e-11
    1.76408e-11
    1.71139e-11
    1.66028e-11
    1.61069e-11
    1.56259e-11
    1.51592e-11
    1.47064e-11
    1.42672e-11
    1.38411e-11
    1.34277e-11
    1.30266e-11
    1.26376e-11
    1.22601e-11
     1.1894e-11
    1.15387e-11
    1.11941e-11
    1.08598e-11
    1.05354e-11
    1.02208e-11
    9.91551e-12
    9.61936e-12
    9.33206e-12
    9.05335e-12
    8.78295e-12
    8.52063e-12
    8.26615e-12
    8.01927e-12
    7.77976e-12
     7.5474e-12
    7.32199e-12
     7.1033e-12
    6.89115e-12
    6.68533e-12
    6.48566e-12
    6.29196e-12
    6.10404e-12
    5.92173e-12
    5.74487e-12
    5.57329e-12
    5.40683e-12
    5.24535e-12
    5.08869e-12
     4.9367e-12
    4.78926e-12
    4.64622e-12
    4.50745e-12
    4.37283e-12
    4.24223e-12
    4.11553e-12
    3.99261e-12
    3.87336e-12
    3.75768e-12
    3.64545e-12
    3.53657e-12
    3.43095e-12
    3.32847e-12
    3.22906e-12
    3.13262e-12
    3.03906e-12
    2.94829e-12
    2.86024e-12
    2.77481e-12
    2.69194e-12
    2.61154e-12
    2.53354e-12
    2.45787e-12
    2.38446e-12
    2.31325e-12
    2.24416e-12
    2.17713e-12
    2.11211e-12
    2.04903e-12
    1.98783e-12
    1.92846e-12
    1.87086e-12
    1.81499e-12
    1.76078e-12
    1.70819e-12
    1.65717e-12
    1.60768e-12
    1.55966e-12
    1.51308e-12
    1.46789e-12
    1.42405e-12
    1.38152e-12
    1.34025e-12
    1.30023e-12
    1.26139e-12
    1.22372e-12
    1.18717e-12
    1.15171e-12
    1.11731e-12
    1.08394e-12
    1.05157e-12
    1.02016e-12
    9.89695e-13
    9.60136e-13
     9.3146e-13
     9.0364e-13
    8.76651e-13
    8.50468e-13
    8.25068e-13
    8.00426e-13
     7.7652e-13
    7.53327e-13
    7.30828e-13
    7.09001e-13
    6.87825e-13
    6.67282e-13
    6.47352e-13
    6.28018e-13
    6.09261e-13
    5.91065e-13
    5.73412e-13
    5.56286e-13
    5.39671e-13
    5.23553e-13
    5.07916e-13
    4.92746e-13
     4.7803e-13
    4.63752e-13
    4.49902e-13
    4.36465e-13
    4.23429e-13
    4.10782e-13
    3.98514e-13
    3.86611e-13
    3.75065e-13
    3.63863e-13
    3.52995e-13
    3.42452e-13
    3.32224e-13
    3.22302e-13
    3.12676e-13
    3.03337e-13
    2.94278e-13
    2.85488e-13
    2.76962e-13
     2.6869e-13
    2.60665e-13
     2.5288e-13
    2.45327e-13
       2.38e-13
    2.30892e-13
    2.23996e-13
    2.17306e-13
    2.10816e-13
    2.04519e-13
    1.98411e-13
    1.92485e-13
    1.86736e-13
    1.81159e-13
    1.75748e-13
    1.70499e-13
    1.65407e-13
    1.60467e-13
    1.55674e-13
    1.51025e-13
    1.46514e-13
    1.42138e-13
    1.37893e-13
    1.33775e-13
    1.29779e-13
    1.25903e-13
    1.22143e-13
    1.18495e-13
    1.14956e-13
    1.11522e-13
    1.08192e-13
     1.0496e-13
    1.01825e-13
    9.87842e-14
    9.58339e-14
    9.29716e-14
    9.01949e-14
     8.7501e-14
    8.48877e-14
    8.23523e-14
    7.98927e-14
    7.75066e-14
    7.51917e-14
     7.2946e-14
    7.07674e-14
    6.86538e-14
    6.66033e-14
    6.46141e-14
    6.26843e-14
    6.08121e-14
    5.89958e-14
    5.72338e-14
    5.55244e-14
    5.38661e-14
    5.22573e-14
    5.06965e-14
    4.91824e-14
    4.77135e-14
    4.62884e-14
     4.4906e-14
    4.35648e-14
    4.22636e-14
    4.10013e-14
    3.97768e-14
    3.85888e-14
    3.74362e-14
    3.63182e-14
    3.52334e-14
    3.41811e-14
    3.31603e-14
    3.21699e-14
    3.12091e-14
    3.02769e-14
    2.93727e-14
    2.84954e-14
    2.76443e-14
    2.68187e-14
    2.60177e-14
    2.52406e-14
    2.44868e-14
    2.37555e-14
     2.3046e-14
    2.23576e-14
    2.16899e-14
    2.10421e-14
    2.04136e-14
    1.98039e-14
    1.92125e-14
    1.86387e-14
     1.8082e-14
    1.75419e-14
     1.7018e-14
    1.65097e-14
    1.60166e-14
    1.55383e-14
    1.50742e-14
     1.4624e-14
    1.41872e-14
    1.37635e-14
    1.33524e-14
    1.29536e-14
    1.25667e-14
    1.21914e-14
    1.18273e-14
    1.14741e-14
    1.11314e-14
    1.07989e-14
    1.04764e-14
    1.01635e-14
    9.85993e-15
    9.56545e-15
    9.27976e-15
     9.0026e-15
    8.73372e-15
    8.47288e-15
    8.21982e-15
    7.97432e-15
    7.73615e-15
     7.5051e-15
    7.28095e-15
    7.06349e-15
    6.85253e-15
    6.64786e-15
    6.44931e-15
    6.25669e-15
    6.06983e-15
    5.88854e-15
    5.71267e-15
    5.54205e-15
    5.37653e-15
