              0
              0
              0
              0
              0
              0
              0
              0
     0.00678543
     0.00432608
              0
    4.33667e-05
    7.86969e-05
     0.00489073
       0.009376
     0.00406175
     0.00772819
     0.00715479
     0.00236633
     0.00254165
      0.0178469
     0.00568314
      0.0141311
     0.00968357
    0.000512744
     0.00146611
     0.00680731
     0.00470175
    0.000559599
    0.000640621
      0.0139547
    0.000502888
     0.00371654
    0.000569768
    0.000452227
    0.000431286
    0.000374537
     0.00180639
     0.00455754
    0.000177537
    0.000135819
     0.00017984
     0.00115997
     0.00355246
     0.00226079
    0.000138223
    0.000152822
    9.69955e-05
    0.000106764
    7.12077e-05
     0.00300938
    0.000458588
    4.29345e-05
       0.823944
     7.2347e-05
     0.00151974
    0.000621408
    8.10815e-05
    9.76456e-05
    7.81542e-05
    7.26943e-05
     0.00204432
    5.34171e-05
    3.36923e-05
    2.29542e-05
    2.90474e-05
    3.25562e-05
     0.00101894
    4.35548e-05
     5.6385e-05
    0.000170002
    4.14413e-05
    2.59279e-05
     0.00138506
     0.00011043
    2.19422e-05
    1.30457e-05
    1.88186e-05
    1.46285e-05
    0.000690289
    2.66261e-05
    3.61167e-05
    2.44373e-05
    2.48819e-05
     1.7367e-05
    0.000941471
    1.43203e-05
    5.67515e-06
    7.25843e-06
    1.09551e-05
    8.51621e-06
    0.000466607
    1.60872e-05
    2.22304e-05
    1.44249e-05
    1.58759e-05
    8.65515e-06
    0.000638263
     7.9998e-06
    2.79306e-06
    3.89553e-06
    6.80183e-06
    5.46748e-06
    0.000317034
    1.07154e-05
    1.49196e-05
    9.63879e-06
    1.06475e-05
    5.75702e-06
    0.000433906
    5.34151e-06
    1.82226e-06
    2.58848e-06
    4.58467e-06
    0.000214628
    4.62226e-06
    7.26894e-06
    1.01312e-05
    8.31614e-06
    6.12672e-06
    0.000294356
    5.20454e-06
    2.55819e-06
    1.54055e-06
    3.19463e-06
    3.08296e-06
    0.000146715
    5.00658e-06
    6.92971e-06
    4.50587e-06
    4.96834e-06
    2.70706e-06
    0.000200662
    2.49839e-06
    8.71139e-07
    1.22061e-06
    2.13692e-06
    1.71683e-06
    9.96837e-05
    3.36684e-06
    4.68976e-06
     3.0293e-06
    3.34644e-06
    1.80937e-06
    0.000136433
    1.67894e-06
    5.72612e-07
    8.13654e-07
    1.44143e-06
     1.1596e-06
    6.77793e-05
     2.2855e-06
    3.18551e-06
    2.05725e-06
    2.27372e-06
    1.22855e-06
    9.27731e-05
    1.14052e-06
    3.88393e-07
    5.52494e-07
    9.79529e-07
    4.58897e-05
    9.87855e-07
    1.55385e-06
    2.16592e-06
    1.77788e-06
     1.3098e-06
    6.29373e-05
    1.11269e-06
    5.46885e-07
    3.29319e-07
    6.82997e-07
    6.59133e-07
    3.13697e-05
    1.07045e-06
    1.48164e-06
      9.634e-07
    1.06229e-06
    5.78795e-07
    4.29044e-05
    5.34183e-07
    1.86256e-07
    2.60978e-07
      4.569e-07
    3.67079e-07
    2.13137e-05
    7.19875e-07
    1.00273e-06
    6.47706e-07
    7.15514e-07
    3.86868e-07
    2.91713e-05
     3.5898e-07
    1.22432e-07
     1.7397e-07
    3.08198e-07
    2.47937e-07
    1.44922e-05
    4.88671e-07
    6.81106e-07
    4.39868e-07
    4.86152e-07
    2.62681e-07
    1.98362e-05
    2.43859e-07
    8.30438e-08
    1.18131e-07
    2.09437e-07
    9.81186e-06
    2.11217e-07
    3.32234e-07
    4.63104e-07
    3.80136e-07
    2.80053e-07
    1.34569e-05
    2.37908e-07
    1.16932e-07
    7.04128e-08
    1.46034e-07
    1.40932e-07
    6.70726e-06
    2.28876e-07
    3.16796e-07
    2.05988e-07
    2.27131e-07
    1.23754e-07
    9.17355e-06
    1.14216e-07
    3.98241e-08
    5.58007e-08
    9.76915e-08
    7.84866e-08
    4.55717e-06
    1.53919e-07
    2.14398e-07
    1.38488e-07
    1.52987e-07
    8.27177e-08
    6.23722e-06
    7.67549e-08
    2.61777e-08
    3.71972e-08
     6.5897e-08
    5.30124e-08
    3.09862e-06
    1.04485e-07
     1.4563e-07
    9.40499e-08
    1.03946e-07
    5.61647e-08
    4.24124e-06
    5.21404e-08
    1.77559e-08
     2.5258e-08
    4.47804e-08
    2.09791e-06
    4.51611e-08
    7.10362e-08
    9.90181e-08
    8.12783e-08
    5.98793e-08
    2.87726e-06
     5.0868e-08
    2.50016e-08
    1.50552e-08
    3.12241e-08
    3.01332e-08
    1.43411e-06
    4.89369e-08
    6.77353e-08
    4.40431e-08
    4.85638e-08
    2.64604e-08
    1.96143e-06
    2.44209e-08
    8.51494e-09
    1.19309e-08
    2.08878e-08
    1.67815e-08
    9.74386e-07
      3.291e-08
    4.58413e-08
    2.96107e-08
    3.27107e-08
    1.76862e-08
     1.3336e-06
    1.64112e-08
    5.59714e-09
    7.95327e-09
    1.40897e-08
    1.13348e-08
    6.62528e-07
    2.23403e-08
    3.11377e-08
    2.01092e-08
    2.22251e-08
    1.20088e-08
    9.06836e-07
    1.11483e-08
    3.79646e-09
    5.40051e-09
    9.57468e-09
    7.70282e-09
    4.50515e-07
    1.51885e-08
    2.11714e-08
    1.36726e-08
    1.51117e-08
    8.16491e-09
    6.16648e-07
    7.58018e-09
    2.58105e-09
    3.67191e-09
    6.51043e-09
    3.05022e-07
    6.56591e-09
     1.0328e-08
    1.43964e-08
    1.18172e-08
    8.70596e-09
    4.18335e-07
    7.39582e-09
    3.63502e-09
     2.1889e-09
    4.53976e-09
    4.38114e-09
    2.08509e-07
    7.11509e-09
    9.84826e-09
    6.40357e-09
    7.06085e-09
    3.84716e-09
    2.85179e-07
    3.55063e-09
    1.23801e-09
    1.73468e-09
    3.03694e-09
    2.43992e-09
    1.41669e-07
     4.7849e-09
    6.66502e-09
     4.3052e-09
    4.75591e-09
    2.57145e-09
    1.93897e-07
    2.38609e-09
    8.13787e-10
    1.15635e-09
    2.04855e-09
      1.648e-09
    9.63272e-08
    3.24813e-09
    4.52721e-09
    2.92374e-09
    3.23138e-09
      1.746e-09
    1.31848e-07
    1.62089e-09
     5.5198e-10
    7.85198e-10
    1.39209e-09
     6.5218e-08
    1.40393e-09
    2.20831e-09
    3.07819e-09
    2.52671e-09
    1.86147e-09
    8.94457e-08
    1.58134e-09
    7.77227e-10
    4.68024e-10
    9.70668e-10
    9.36752e-10
    4.45822e-08
    1.52131e-09
     2.1057e-09
    1.36917e-09
    1.50971e-09
    8.22577e-10
    6.09752e-08
    7.59175e-10
    2.64705e-10
    3.70899e-10
    6.49341e-10
    5.21689e-10
    3.02908e-08
    1.02308e-09
    1.42507e-09
    9.20512e-10
    1.01688e-09
    5.49812e-10
    4.14578e-08
    5.10178e-10
    1.73999e-10
    2.47244e-10
    4.38007e-10
    3.52366e-10
    2.05961e-08
    6.94494e-10
     9.6798e-10
    6.25136e-10
    6.90913e-10
    3.73318e-10
    2.81909e-08
    3.46569e-10
    1.18021e-10
    1.67886e-10
    2.97649e-10
    1.39445e-08
    3.00179e-10
    4.72167e-10
    6.58158e-10
    5.40244e-10
    3.98008e-10
    1.91247e-08
    3.38112e-10
    1.66182e-10
     1.0007e-10
    2.07542e-10
    2.00291e-10
    9.53228e-09
    3.25276e-10
    4.50227e-10
    2.92748e-10
    3.22796e-10
    1.75878e-10
    1.30373e-08
    1.62322e-10
    5.65975e-11
    7.93032e-11
    1.38838e-10
    1.11544e-10
     6.4766e-09
    2.18748e-10
      3.047e-10
    1.96818e-10
    2.17423e-10
    1.17557e-10
    8.86426e-09
    1.09083e-10
    3.72034e-11
    5.28642e-11
     9.3652e-11
    7.53406e-11
    4.40373e-09
    1.48492e-10
    2.06967e-10
    1.33663e-10
    1.47727e-10
    7.98206e-11
    6.02761e-09
    7.41013e-11
    2.52345e-11
    3.58964e-11
    6.36414e-11
    2.98153e-09
    6.41824e-11
    1.00956e-10
    1.40723e-10
    1.15512e-10
    8.50997e-11
    4.08913e-09
     7.2293e-11
     3.5532e-11
    2.13963e-11
    4.43754e-11
    4.28249e-11
    2.03813e-09
    6.95485e-11
    9.62646e-11
    6.25935e-11
    6.90183e-11
    3.76052e-11
    2.78756e-09
    3.47067e-11
    1.21013e-11
    1.69561e-11
    2.96855e-11
    2.38497e-11
    1.38479e-09
    4.67713e-11
    6.51491e-11
    4.20824e-11
     4.6488e-11
    2.51354e-11
     1.8953e-09
    2.33235e-11
    7.95459e-12
    1.13031e-11
    2.00241e-11
    1.61089e-11
    9.41577e-10
    3.17497e-11
    4.42525e-11
    2.85789e-11
     3.1586e-11
    1.70667e-11
    1.28878e-09
    1.58439e-11
    5.39548e-12
    7.67514e-12
    1.36074e-11
    1.09472e-11
    6.40267e-10
    2.15857e-11
    3.00886e-11
    1.94313e-11
    2.14766e-11
    1.16039e-11
    8.76373e-10
    1.07729e-11
    3.66815e-12
    5.21847e-12
    9.25254e-12
    4.33494e-10
    9.33139e-12
    1.46781e-11
      2.046e-11
    1.67945e-11
    1.23728e-11
    5.94532e-10
    1.05108e-11
    5.16605e-12
    3.11084e-12
    6.45185e-12
    6.22642e-12
    2.96331e-10
    1.01119e-11
    1.39962e-11
    9.10067e-12
    1.00348e-11
    5.46754e-12
    4.05293e-10
    5.04611e-12
    1.75945e-12
     2.4653e-12
    4.31607e-12
    3.46758e-12
    2.01339e-10
    6.80024e-12
    9.47224e-12
     6.1185e-12
    6.75905e-12
    3.65452e-12
    2.75564e-10
    3.39108e-12
    1.15654e-12
    1.64339e-12
    2.91137e-12
    2.34212e-12
    1.36899e-10
     4.6162e-12
    6.43402e-12
    4.15518e-12
     4.5924e-12
    2.48139e-12
    1.87381e-10
    2.30359e-12
    7.84467e-13
    1.11591e-12
    1.97843e-12
     9.2687e-11
    1.99525e-12
    3.13842e-12
    4.37468e-12
    3.59092e-12
     2.6455e-12
    1.27119e-10
    2.24738e-12
    1.10459e-12
    6.65149e-13
     1.3795e-12
     1.3313e-12
    6.33597e-11
    2.16206e-12
    2.99259e-12
    1.94585e-12
    2.14558e-12
    1.16904e-12
    8.66572e-11
    1.07893e-12
    3.76195e-13
    5.27117e-13
    9.22835e-13
    7.41417e-13
     4.3049e-11
    1.45399e-12
     2.0253e-12
    1.30822e-12
    1.44518e-12
    7.81386e-13
    5.89194e-11
    7.25059e-13
    2.47285e-13
     3.5138e-13
    6.22491e-13
    5.00778e-13
    6.27612e-13
    9.87006e-13
    1.37568e-12
    8.88435e-13
    7.41142e-13
    4.39781e-13
    5.33961e-13
    3.19798e-13
    1.40166e-13
    1.69584e-13
    1.58811e-13
    8.05003e-14
    6.22273e-14
    5.34296e-14
    4.78196e-14
    4.00349e-14
    3.30344e-14
    2.61774e-14
    2.22587e-14
    1.79023e-14
     1.3644e-14
    1.01266e-14
    7.59084e-15
    5.86624e-15
    4.63577e-15
    3.75378e-15
    2.97854e-15
    2.38912e-15
    1.97366e-15
    1.57456e-15
    1.26983e-15
    1.01605e-15
    8.01941e-16
    6.29806e-16
    4.89477e-16
    3.81508e-16
    2.98051e-16
    2.33982e-16
    1.84997e-16
    1.47175e-16
    1.17291e-16
    9.34214e-17
    7.44548e-17
     5.9126e-17
    4.68661e-17
    3.70595e-17
    2.92384e-17
    2.30478e-17
    1.81634e-17
     1.4331e-17
     1.1331e-17
    8.97624e-18
    7.11879e-18
     5.6521e-18
    4.48966e-18
    3.56425e-18
    2.82614e-18
    2.23817e-18
    1.77038e-18
    1.39929e-18
    1.10588e-18
     8.7407e-19
    6.91183e-19
    5.46856e-19
     4.3293e-19
    3.42899e-19
    2.71656e-19
    2.15226e-19
    1.70487e-19
    1.35005e-19
    1.06864e-19
    8.45595e-20
    6.68956e-20
    5.29191e-20
    4.18669e-20
    3.31302e-20
    2.62232e-20
     2.0761e-20
    1.64393e-20
    1.30184e-20
    1.03093e-20
    8.16336e-21
    6.46327e-21
    5.11652e-21
    4.04989e-21
    3.20537e-21
     2.5369e-21
    2.00788e-21
    1.58927e-21
    1.25803e-21
    9.95897e-22
    7.88423e-22
    6.24185e-22
    4.94155e-22
    3.91199e-22
     3.0968e-22
    2.45137e-22
    1.94038e-22
    1.53588e-22
     1.2157e-22
     9.6228e-23
    7.61707e-23
    6.02959e-23
    4.77308e-23
    3.77849e-23
    2.99118e-23
    2.36791e-23
    1.87449e-23
    1.48386e-23
    1.17462e-23
    9.29819e-24
    7.36029e-24
    5.82627e-24
      4.612e-24
    3.65082e-24
    2.88999e-24
    2.28773e-24
    1.81099e-24
     1.4336e-24
    1.13485e-24
    8.98353e-25
    7.11137e-25
    5.62932e-25
    4.45613e-25
    3.52743e-25
    2.79228e-25
    2.21034e-25
     1.7497e-25
    1.38505e-25
    1.09641e-25
    8.67919e-26
    6.87046e-26
    5.43867e-26
    4.30525e-26
    3.40803e-26
    2.69779e-26
    2.13556e-26
     1.6905e-26
    1.33819e-26
    1.05931e-26
    8.38548e-27
    6.63794e-27
    5.25459e-27
    4.15953e-27
    3.29268e-27
    2.60649e-27
    2.06329e-27
     1.6333e-27
    1.29292e-27
    1.02347e-27
    8.10176e-28
    6.41333e-28
    5.07678e-28
    4.01877e-28
    3.18125e-28
    2.51827e-28
    1.99346e-28
    1.57802e-28
    1.24916e-28
    9.88832e-29
    7.82757e-29
    6.19629e-29
    4.90497e-29
    3.88277e-29
    3.07359e-29
    2.43305e-29
      1.926e-29
    1.52462e-29
    1.20688e-29
    9.55367e-30
    7.56267e-30
     5.9866e-30
    4.73898e-30
    3.75137e-30
    2.96958e-30
    2.35071e-30
    1.86082e-30
    1.47302e-30
    1.16604e-30
    9.23036e-31
    7.30673e-31
      5.784e-31
     4.5786e-31
    3.62441e-31
    2.86908e-31
    2.27116e-31
    1.79785e-31
    1.42317e-31
    1.12658e-31
    8.91798e-32
    7.05946e-32
    5.58826e-32
    4.42365e-32
    3.50176e-32
    2.77198e-32
     2.1943e-32
      1.737e-32
    1.37501e-32
    1.08845e-32
    8.61618e-33
    6.82056e-33
    5.39914e-33
    4.27395e-33
    3.38325e-33
    2.67818e-33
    2.12004e-33
    1.67822e-33
    1.32848e-33
    1.05162e-33
     8.3246e-34
    6.58974e-34
    5.21642e-34
    4.12931e-34
    3.26876e-34
    2.58754e-34
    2.04829e-34
    1.62143e-34
    1.28352e-34
    1.01603e-34
    8.04288e-35
    6.36673e-35
    5.03989e-35
    3.98957e-35
    3.15813e-35
    2.49997e-35
    1.97897e-35
    1.56655e-35
    1.24008e-35
    9.81646e-36
    7.77069e-36
    6.15126e-36
    4.86933e-36
    3.85455e-36
    3.05126e-36
    2.41537e-36
      1.912e-36
    1.51354e-36
    1.19811e-36
    9.48425e-37
    7.50771e-37
    5.94309e-37
    4.70454e-37
    3.72411e-37
      2.948e-37
    2.33363e-37
     1.8473e-37
    1.46232e-37
    1.15757e-37
    9.16328e-38
    7.25364e-38
    5.74197e-38
    4.54533e-38
    3.59808e-38
    2.84823e-38
    2.25465e-38
    1.78478e-38
    1.41283e-38
    1.11839e-38
    8.85318e-39
    7.00816e-39
    5.54765e-39
    4.39151e-39
    3.47631e-39
    2.75184e-39
    2.17835e-39
    1.72438e-39
    1.36502e-39
    1.08054e-39
    8.55357e-40
    6.77099e-40
    5.35991e-40
    4.24289e-40
    3.35867e-40
    2.65871e-40
    2.10463e-40
    1.66602e-40
    1.31882e-40
    1.04398e-40
     8.2641e-41
    6.54185e-41
    5.17852e-41
     4.0993e-41
      3.245e-41
    2.56874e-41
    2.03341e-41
    1.60964e-41
    1.27419e-41
    1.00865e-41
    7.98443e-42
    6.32046e-42
    5.00327e-42
    3.96058e-42
    3.13519e-42
    2.48181e-42
    1.96459e-42
    1.55517e-42
    1.23107e-42
    9.74512e-43
    7.71422e-43
    6.10656e-43
    4.83395e-43
    3.82654e-43
    3.02908e-43
    2.39782e-43
    1.89811e-43
    1.50254e-43
    1.18941e-43
    9.41533e-44
    7.45316e-44
    5.89991e-44
    4.67036e-44
    3.69705e-44
    2.92657e-44
    2.31667e-44
    1.83387e-44
    1.45169e-44
    1.14916e-44
     9.0967e-45
    7.20093e-45
    5.70024e-45
     4.5123e-45
    3.57193e-45
    2.82753e-45
    2.23827e-45
    1.77181e-45
    1.40256e-45
    1.11027e-45
    8.78885e-46
    6.95724e-46
    5.50734e-46
     4.3596e-46
    3.45105e-46
    2.73184e-46
    2.16252e-46
    1.71185e-46
     1.3551e-46
    1.07269e-46
    8.49142e-47
    6.72179e-47
    5.32096e-47
    4.21206e-47
    3.33426e-47
    2.63939e-47
    2.08934e-47
    1.65392e-47
    1.30924e-47
    1.03639e-47
    8.20405e-48
    6.49431e-48
    5.14089e-48
    4.06952e-48
    3.22142e-48
    2.55007e-48
    2.01863e-48
    1.59795e-48
    1.26493e-48
    1.00132e-48
    7.92641e-49
    6.27453e-49
    4.96691e-49
     3.9318e-49
     3.1124e-49
    2.46377e-49
    1.95032e-49
    1.54387e-49
    1.22212e-49
    9.67431e-50
    7.65817e-50
    6.06219e-50
    4.79882e-50
    3.79874e-50
    3.00707e-50
    2.38039e-50
    1.88432e-50
    1.49162e-50
    1.18076e-50
    9.34691e-51
      7.399e-51
    5.85703e-51
    4.63642e-51
    3.67018e-51
    2.90531e-51
    2.29984e-51
    1.82055e-51
    1.44114e-51
    1.14081e-51
    9.03059e-52
     7.1486e-52
    5.65882e-52
    4.47951e-52
    3.54597e-52
    2.80699e-52
    2.22201e-52
    1.75894e-52
    1.39237e-52
     1.1022e-52
    8.72498e-53
    6.90668e-53
    5.46732e-53
    4.32792e-53
    3.42597e-53
    2.71199e-53
    2.14681e-53
