              0
              0
              0
              0
              0
              0
              0
              0
              0
              0
              0
     0.00575206
     0.00949111
    0.000120494
    0.000981645
      0.0036456
     0.00699986
     0.00229723
     0.00245541
      0.0371222
      0.0647691
     0.00651974
      0.0213974
     0.00898631
      0.0165575
     0.00773201
     0.00992211
     0.00799533
     0.00799856
      0.0100082
     0.00688773
     0.00814806
     0.00904839
     0.00794185
     0.00964571
      0.0105582
      0.0106365
     0.00764956
     0.00887485
     0.00706283
      0.0066416
     0.00671354
     0.00703884
     0.00676009
     0.00967165
     0.00740484
     0.00821525
     0.00779873
     0.00834236
     0.00634183
     0.00635969
     0.00606564
     0.00572807
     0.00559661
     0.00618487
     0.00570683
     0.00563113
     0.00556692
     0.00601827
     0.00656852
     0.00501691
     0.00488987
     0.00489199
     0.00472917
     0.00448833
     0.00438881
     0.00428432
     0.00412684
     0.00403461
     0.00413407
     0.00462584
     0.00477627
     0.00374322
     0.00378559
     0.00368806
      0.0035289
     0.00335842
     0.00328604
     0.00317518
     0.00308545
     0.00302134
      0.0030861
     0.00338119
     0.00342965
     0.00278908
     0.00283225
     0.00272491
     0.00260173
     0.00251088
      0.0024642
      0.0023836
     0.00231512
     0.00225835
     0.00229312
     0.00248274
     0.00250036
     0.00205939
      0.0020638
     0.00199945
     0.00189285
     0.00183485
     0.00179085
     0.00173371
     0.00168233
     0.00164226
     0.00166356
     0.00178941
     0.00179899
     0.00149792
     0.00149805
     0.00145094
     0.00137655
     0.00133415
     0.00130288
     0.00126194
     0.00122509
     0.00119574
     0.00129367
     0.00137419
     0.00113142
     0.00109332
      0.0010913
     0.00104826
    0.000998061
    0.000973475
    0.000943826
    0.000919344
     0.00089511
    0.000898748
    0.000954797
    0.000954037
    0.000811762
    0.000808049
    0.000783475
    0.000746463
    0.000722596
    0.000705172
    0.000683067
     0.00066301
    0.000646434
    0.000649395
    0.000685206
    0.000684637
    0.000586361
    0.000582936
     0.00056477
    0.000538104
     0.00052161
    0.000508725
    0.000492858
    0.000478399
    0.000466362
    0.000467552
    0.000491151
    0.000489966
     0.00042242
    0.000419366
    0.000406315
    0.000387516
    0.000375653
    0.000366252
    0.000354869
    0.000344441
    0.000335694
    0.000354235
    0.000369127
    0.000314962
    0.000304627
    0.000302074
    0.000290812
    0.000278084
    0.000270894
     0.00026268
    0.000255627
    0.000248682
     0.00024775
    0.000258075
    0.000256303
    0.000224321
    0.000222012
    0.000215288
    0.000205948
    0.000199462
    0.000194394
    0.000188365
    0.000182814
    0.000178044
    0.000177487
     0.00018399
    0.000182749
    0.000160651
    0.000158865
    0.000153958
    0.000147265
    0.000142776
    0.000139088
     0.00013479
     0.00013082
    0.000127394
    0.000126822
    0.000131065
    0.000130034
    0.000114837
    0.000113452
    0.000109951
    0.000105242
    0.000102037
    9.93783e-05
     9.6315e-05
    9.34749e-05
    9.10125e-05
    9.44023e-05
     9.7029e-05
     8.4907e-05
    8.21729e-05
     8.1118e-05
    7.82164e-05
    7.50161e-05
    7.30139e-05
    7.08069e-05
    6.88616e-05
    6.69525e-05
    6.63415e-05
    6.81499e-05
    6.73836e-05
    6.01697e-05
    5.93114e-05
      5.752e-05
    5.51799e-05
    5.34601e-05
    5.20536e-05
    5.04514e-05
    4.89604e-05
    4.76456e-05
    4.72406e-05
    4.83536e-05
     4.7819e-05
    4.28328e-05
    4.21976e-05
    4.09027e-05
    3.92331e-05
     3.8042e-05
     3.7029e-05
    3.58923e-05
    3.48322e-05
    3.38948e-05
    3.35736e-05
    3.42881e-05
    3.38805e-05
    3.04496e-05
    2.99773e-05
     2.9058e-05
    2.78855e-05
    2.70394e-05
     2.6315e-05
    2.55087e-05
    2.47546e-05
    2.40857e-05
    2.46723e-05
    2.50999e-05
     2.2378e-05
    2.16673e-05
    2.13194e-05
    2.05802e-05
    1.97808e-05
    1.92409e-05
    1.86606e-05
    1.81396e-05
    1.76293e-05
    1.73997e-05
    1.76904e-05
    1.74334e-05
    1.58006e-05
    1.55294e-05
    1.50613e-05
    1.44784e-05
    1.40307e-05
    1.36523e-05
    1.32344e-05
    1.28425e-05
    1.24905e-05
    1.23351e-05
    1.25063e-05
    1.23273e-05
    1.11984e-05
    1.10016e-05
    1.06656e-05
    1.02513e-05
    9.94099e-06
    9.67041e-06
    9.37501e-06
    9.09756e-06
    8.84784e-06
    8.73136e-06
    8.83776e-06
    8.70561e-06
    7.92839e-06
    7.78507e-06
    7.54741e-06
    7.25686e-06
    7.03729e-06
    6.84489e-06
     6.6361e-06
    6.43958e-06
     6.2623e-06
     6.1757e-06
    6.24096e-06
    6.14418e-06
    5.60899e-06
    5.50503e-06
    5.33712e-06
    5.13342e-06
    4.97816e-06
    4.84157e-06
    4.69401e-06
    4.55496e-06
    4.42916e-06
    4.48676e-06
    4.52206e-06
    4.10025e-06
    3.97163e-06
    3.89651e-06
    3.76525e-06
    3.62593e-06
    3.52504e-06
    3.41894e-06
     3.3221e-06
    3.22746e-06
    3.17424e-06
    3.19725e-06
    3.14121e-06
     2.8857e-06
     2.8287e-06
    2.74359e-06
    2.64231e-06
    2.56116e-06
    2.49058e-06
    2.41471e-06
    2.34309e-06
    2.27769e-06
    2.24131e-06
    2.25283e-06
    2.21382e-06
     2.0371e-06
    1.99628e-06
    1.93558e-06
    1.86385e-06
    1.80758e-06
    1.75742e-06
    1.70397e-06
    1.65345e-06
    1.60727e-06
    1.58075e-06
    1.58692e-06
    1.55869e-06
    1.43694e-06
    1.40761e-06
    1.36482e-06
    1.31459e-06
    1.27491e-06
    1.23942e-06
    1.20177e-06
    1.16612e-06
    1.13348e-06
    1.14023e-06
    1.14237e-06
    1.04694e-06
    1.01436e-06
    9.93364e-07
    9.60512e-07
     9.2608e-07
    9.00006e-07
     8.7295e-07
    8.48004e-07
    8.23658e-07
    8.08289e-07
    8.09338e-07
    7.93601e-07
    7.35326e-07
    7.19605e-07
    6.97979e-07
    6.72998e-07
    6.52421e-07
    6.34199e-07
    6.14941e-07
     5.9668e-07
     5.7984e-07
    5.69289e-07
    5.69062e-07
    5.58112e-07
    5.17793e-07
    5.06609e-07
    4.91249e-07
    4.73599e-07
    4.59326e-07
    4.46426e-07
    4.32888e-07
    4.20038e-07
    4.08177e-07
     4.0058e-07
     4.0003e-07
     3.9218e-07
    3.64388e-07
    3.56411e-07
    3.45606e-07
    3.33259e-07
    3.23218e-07
    3.14117e-07
      3.046e-07
    2.95555e-07
    2.87196e-07
    2.87299e-07
    2.86458e-07
    2.64794e-07
    2.56603e-07
    2.50928e-07
    2.42753e-07
    2.34275e-07
    2.27616e-07
    2.20781e-07
    2.14428e-07
    2.08233e-07
    2.03987e-07
    2.03281e-07
    1.99013e-07
    1.85677e-07
    1.81466e-07
    1.76018e-07
    1.69876e-07
    1.64701e-07
    1.60052e-07
    1.55204e-07
    1.50591e-07
    1.46303e-07
     1.4338e-07
    1.42685e-07
    1.39716e-07
    1.30487e-07
    1.27505e-07
    1.23648e-07
    1.19318e-07
    1.15727e-07
    1.12445e-07
    1.09043e-07
    1.05804e-07
     1.0279e-07
    1.00702e-07
    1.00135e-07
    9.80203e-08
     9.1655e-08
    8.95388e-08
    8.68304e-08
    8.38041e-08
    8.12823e-08
    7.89729e-08
    7.65853e-08
    7.43091e-08
    7.21898e-08
    7.18898e-08
    7.13976e-08
    6.64623e-08
     6.4417e-08
    6.29183e-08
    6.08936e-08
    5.88123e-08
    5.71282e-08
     5.5414e-08
    5.38104e-08
    5.22481e-08
    5.11096e-08
    5.07347e-08
    4.96051e-08
     4.6543e-08
    4.54382e-08
    4.40751e-08
    4.25696e-08
    4.12764e-08
    4.01014e-08
    3.88892e-08
    3.77326e-08
    3.66504e-08
    3.58652e-08
    3.55609e-08
    3.47752e-08
    3.26554e-08
    3.18758e-08
    3.09133e-08
    2.98539e-08
    2.89564e-08
     2.8129e-08
    2.72795e-08
    2.64684e-08
    2.57091e-08
    2.51513e-08
    2.49219e-08
    2.43649e-08
    2.29022e-08
     2.2351e-08
    2.16761e-08
    2.09362e-08
    2.03068e-08
    1.97256e-08
    1.91303e-08
    1.85613e-08
    1.80283e-08
    1.76326e-08
    1.74609e-08
    1.70667e-08
    1.60572e-08
     1.5668e-08
     1.5195e-08
    1.46783e-08
    1.42371e-08
    1.38291e-08
    1.34119e-08
    1.30129e-08
    1.26388e-08
    1.25312e-08
    1.23975e-08
    1.16197e-08
    1.12639e-08
    1.09893e-08
      1.064e-08
     1.0284e-08
    9.98739e-09
    9.68794e-09
    9.40608e-09
    9.13167e-09
    8.92029e-09
     8.8213e-09
    8.61391e-09
    8.12684e-09
     7.9256e-09
      7.688e-09
     7.4309e-09
    7.20579e-09
    6.99898e-09
    6.78784e-09
    6.58581e-09
    6.39563e-09
    6.24959e-09
    6.17444e-09
    6.03022e-09
    5.69292e-09
    5.55135e-09
    5.38402e-09
    5.20343e-09
    5.04716e-09
    4.90186e-09
     4.7541e-09
    4.61263e-09
    4.47942e-09
    4.37617e-09
    4.32133e-09
     4.2195e-09
    3.98661e-09
    3.88686e-09
    3.76971e-09
    3.64366e-09
    3.53425e-09
    3.43237e-09
    3.32895e-09
    3.22987e-09
    3.13652e-09
    3.10054e-09
    3.05939e-09
    2.88088e-09
    2.79296e-09
    2.72276e-09
    2.63692e-09
       2.55e-09
    2.47609e-09
    2.40189e-09
    2.33175e-09
    2.26351e-09
    2.20902e-09
    2.17884e-09
    2.12576e-09
    2.01313e-09
    1.96188e-09
    1.90309e-09
    1.84038e-09
    1.78473e-09
    1.73323e-09
    1.68101e-09
    1.63095e-09
    1.58364e-09
    1.54595e-09
    1.52362e-09
    1.48671e-09
     1.4087e-09
    1.37271e-09
    1.33138e-09
    1.28739e-09
    1.24875e-09
    1.21262e-09
    1.17611e-09
     1.1411e-09
    1.10799e-09
    1.08143e-09
    1.05373e-09
    1.01651e-09
    9.84954e-10
    9.59056e-10
    9.29549e-10
    8.99467e-10
    8.72725e-10
    8.46859e-10
    8.21651e-10
    7.96767e-10
    7.72853e-10
    7.49966e-10
    7.27538e-10
    7.05969e-10
    6.84958e-10
    6.64593e-10
    6.44742e-10
    6.25374e-10
    6.06712e-10
    5.88577e-10
    5.70994e-10
     5.5394e-10
     5.3741e-10
    5.21366e-10
    5.05807e-10
    4.90704e-10
    4.76054e-10
    4.61839e-10
    4.48045e-10
    4.34664e-10
    4.21681e-10
    4.09084e-10
    3.96865e-10
     3.8501e-10
    3.73511e-10
    3.62355e-10
    3.51532e-10
    3.41032e-10
    3.30847e-10
    3.20966e-10
     3.1138e-10
     3.0208e-10
    2.93058e-10
    2.84305e-10
    2.75813e-10
    2.67575e-10
    2.59584e-10
    2.51831e-10
    2.44309e-10
    2.37013e-10
    2.29934e-10
    2.23067e-10
    2.16404e-10
    2.09941e-10
    2.03671e-10
    1.97588e-10
    1.91687e-10
    1.85962e-10
    1.80408e-10
    1.75019e-10
    1.69792e-10
    1.64721e-10
    1.59801e-10
    1.55029e-10
    1.50398e-10
    1.45907e-10
    1.41549e-10
    1.37321e-10
     1.3322e-10
    1.29241e-10
    1.25381e-10
    1.21636e-10
    1.18003e-10
    1.14479e-10
     1.1106e-10
    1.07743e-10
    1.04525e-10
    1.01403e-10
    9.83746e-11
    9.54364e-11
    9.25861e-11
    8.98208e-11
    8.71382e-11
    8.45356e-11
    8.20108e-11
    7.95614e-11
    7.71852e-11
    7.48799e-11
    7.26435e-11
    7.04739e-11
    6.83691e-11
    6.63271e-11
    6.43461e-11
    6.24243e-11
    6.05599e-11
    5.87512e-11
    5.69965e-11
    5.52942e-11
    5.36427e-11
    5.20406e-11
    5.04863e-11
    4.89784e-11
    4.75156e-11
    4.60965e-11
    4.47197e-11
    4.33841e-11
    4.20884e-11
    4.08313e-11
    3.96118e-11
    3.84287e-11
     3.7281e-11
    3.61675e-11
    3.50873e-11
    3.40394e-11
    3.30227e-11
    3.20365e-11
    3.10796e-11
    3.01514e-11
    2.92509e-11
    2.83772e-11
    2.75297e-11
    2.67075e-11
    2.59098e-11
     2.5136e-11
    2.43852e-11
    2.36569e-11
    2.29504e-11
    2.22649e-11
    2.15999e-11
    2.09548e-11
     2.0329e-11
    1.97218e-11
    1.91328e-11
    1.85614e-11
     1.8007e-11
    1.74692e-11
    1.69474e-11
    1.64413e-11
    1.59502e-11
    1.54738e-11
    1.50117e-11
    1.45633e-11
    1.41284e-11
    1.37064e-11
     1.3297e-11
    1.28999e-11
    1.25146e-11
    1.21409e-11
    1.17782e-11
    1.14265e-11
    1.10852e-11
    1.07541e-11
    1.04329e-11
    1.01213e-11
    9.81904e-12
    9.52578e-12
    9.24128e-12
    8.96527e-12
    8.69751e-12
    8.43774e-12
    8.18573e-12
    7.94125e-12
    7.70407e-12
    7.47398e-12
    7.25075e-12
     7.0342e-12
    6.82411e-12
    6.62029e-12
    6.42257e-12
    6.23075e-12
    6.04465e-12
    5.86412e-12
    5.68898e-12
    5.51907e-12
    5.35423e-12
    5.19432e-12
    5.03918e-12
    4.88868e-12
    4.74267e-12
    4.60102e-12
     4.4636e-12
    4.33029e-12
    4.20096e-12
    4.07549e-12
    3.95377e-12
    3.83568e-12
    3.72112e-12
    3.60998e-12
    3.50217e-12
    3.39757e-12
    3.29609e-12
    3.19765e-12
    3.10215e-12
     3.0095e-12
    2.91961e-12
    2.83241e-12
    2.74782e-12
    2.66575e-12
    2.58613e-12
    2.50889e-12
    2.43396e-12
    2.36127e-12
    2.29074e-12
    2.22233e-12
    2.15595e-12
    2.09156e-12
    2.02909e-12
    1.96849e-12
     1.9097e-12
    1.85266e-12
    1.79733e-12
    1.74365e-12
    1.69157e-12
    1.64105e-12
    1.59204e-12
    1.54449e-12
    1.49836e-12
    1.45361e-12
    1.41019e-12
    1.36808e-12
    1.32722e-12
    1.28758e-12
    1.24912e-12
    1.21181e-12
    1.17562e-12
    1.14051e-12
    1.10645e-12
     1.0734e-12
    1.04134e-12
    1.01024e-12
    9.80066e-13
    9.50795e-13
    9.22398e-13
    8.94849e-13
    8.68123e-13
    8.42195e-13
    8.17041e-13
    7.92639e-13
    7.68965e-13
    7.45999e-13
    7.23718e-13
    7.02103e-13
    6.81133e-13
     6.6079e-13
    6.41055e-13
    6.21908e-13
    6.03334e-13
    5.85314e-13
    5.67833e-13
    5.50874e-13
    5.34421e-13
    5.18459e-13
    5.02975e-13
    4.87953e-13
    4.73379e-13
    4.59241e-13
    4.45525e-13
    4.32218e-13
    4.19309e-13
    4.06786e-13
    3.94637e-13
     3.8285e-13
    3.71416e-13
    3.60323e-13
    3.49561e-13
    3.39121e-13
    3.28992e-13
    3.19166e-13
    3.09634e-13
    3.00386e-13
    2.91415e-13
    2.82711e-13
    2.74267e-13
    2.66076e-13
    2.58129e-13
     2.5042e-13
     2.4294e-13
    2.35685e-13
    2.28645e-13
    2.21817e-13
    2.15192e-13
    2.08765e-13
    2.02529e-13
    1.96481e-13
    1.90612e-13
    1.84919e-13
    1.79396e-13
    1.74038e-13
     1.6884e-13
    1.63798e-13
    1.58906e-13
     1.5416e-13
    1.49555e-13
    1.45089e-13
    1.40755e-13
    1.36551e-13
    1.32473e-13
    1.28517e-13
    1.24678e-13
    1.20954e-13
    1.17342e-13
    1.13837e-13
    1.10437e-13
    1.07139e-13
    1.03939e-13
    1.00835e-13
    9.78232e-14
    9.49015e-14
    9.20671e-14
    8.93174e-14
    8.66498e-14
    8.40618e-14
    8.15512e-14
    7.91155e-14
    7.67526e-14
    7.44602e-14
    7.22363e-14
    7.00789e-14
    6.79859e-14
    6.59553e-14
    6.39855e-14
    6.20744e-14
    6.02205e-14
    5.84219e-14
     5.6677e-14
    5.49843e-14
    5.33421e-14
    5.17489e-14
    5.02033e-14
    4.87039e-14
    4.72493e-14
    4.58381e-14
    4.44691e-14
    4.31409e-14
    4.18525e-14
    4.06025e-14
    3.93898e-14
    3.82134e-14
     3.7072e-14
    3.59648e-14
    3.48907e-14
    3.38486e-14
    3.28377e-14
    3.18569e-14
    3.09054e-14
    2.99824e-14
    2.90869e-14
    2.82182e-14
    2.73754e-14
    2.65578e-14
    2.57646e-14
    2.49951e-14
    2.42486e-14
    2.35243e-14
    2.28217e-14
    2.21401e-14
    2.14789e-14
    2.08374e-14
     2.0215e-14
    1.96113e-14
    1.90256e-14
    1.84573e-14
    1.79061e-14
    1.73713e-14
    1.68524e-14
    1.63491e-14
    1.58608e-14
    1.53871e-14
    1.49275e-14
    1.44817e-14
    1.40492e-14
    1.36296e-14
    1.32225e-14
    1.28276e-14
    1.24445e-14
    1.20728e-14
    1.17122e-14
    1.13624e-14
    1.10231e-14
    1.06938e-14
    1.03745e-14
    1.00646e-14
    9.76401e-15
    9.47239e-15
    9.18948e-15
    8.91502e-15
    8.64876e-15
    8.39045e-15
    8.13985e-15
    7.89674e-15
    7.66089e-15
    7.43209e-15
    7.21011e-15
    6.99477e-15
    6.78586e-15
    6.58319e-15
    6.38657e-15
    6.19582e-15
    6.01078e-15
    5.83125e-15
