              0
              0
              0
              0
              0
              0
              0
              0
              0
              0
              0
     0.00916938
              0
     0.00393716
     0.00661688
    0.000248038
    0.000553003
     0.00484363
      0.0638767
      0.0116528
     0.00762537
    0.000392409
     0.00151433
     0.00678806
    0.000916034
    0.000700259
     0.00391833
    0.000428359
    0.000581376
     0.00206054
    0.000387862
    0.000645692
    0.000563568
    0.000407918
    0.000337419
     0.00469304
    0.000248467
    0.000225325
    0.000152297
    0.000166292
    0.000321827
      0.0044463
    0.000126403
     0.00023432
    8.67415e-05
     0.00115105
    7.56424e-05
     0.00296159
    8.25663e-05
    8.27906e-05
    6.99882e-05
    8.49883e-05
    0.000173438
    0.000169739
    6.83177e-05
    0.000604698
    4.72917e-05
    4.69971e-05
     0.00200318
    4.61179e-05
       5.63e-05
    5.63037e-05
    3.13811e-05
    9.77547e-05
    8.31745e-05
    2.45258e-05
    2.73159e-05
    2.93251e-05
    3.37618e-05
    2.39068e-05
     0.00135997
    3.37175e-05
    0.000160522
    1.55449e-05
     1.8042e-05
    5.42179e-05
    4.97842e-05
    1.21592e-05
    1.38607e-05
    1.26441e-05
    1.45734e-05
    1.59361e-05
    0.000928051
    2.65601e-05
    2.42359e-05
    5.99101e-06
    1.15797e-05
    3.42521e-05
    3.25958e-05
    7.67743e-06
      8.632e-06
    8.08898e-06
    9.00326e-06
     8.9339e-06
    0.000627471
    1.44562e-05
     1.5023e-05
    2.72547e-06
    2.99476e-06
    2.26026e-05
    2.16506e-05
    4.81903e-06
    5.54043e-06
    5.24043e-06
    5.89145e-06
    5.91003e-06
    0.000426544
     9.6894e-06
     1.0086e-05
    1.75901e-06
    1.97743e-06
    1.53262e-05
    1.46895e-05
    3.25281e-06
    3.74865e-06
    3.54839e-06
    3.99378e-06
    0.000289058
    4.99145e-06
     6.5812e-06
    6.85213e-06
    1.19107e-06
    1.06649e-05
    1.04833e-05
    2.30064e-06
    2.57206e-06
    2.48814e-06
    2.77568e-06
    2.76407e-06
    0.000197255
    4.54676e-06
    4.69703e-06
    8.59198e-07
    9.28126e-07
    7.11244e-06
    6.80989e-06
    1.51726e-06
    1.73815e-06
    1.64886e-06
    1.85081e-06
    1.85705e-06
    0.000134118
    3.04565e-06
    3.17046e-06
     5.5252e-07
    6.21347e-07
    4.81889e-06
    4.61869e-06
    1.02265e-06
    1.17855e-06
    1.11561e-06
    1.25565e-06
    1.26029e-06
    9.11981e-05
    2.06928e-06
    2.15448e-06
    3.74477e-07
    4.21526e-07
    3.27599e-06
    3.14007e-06
    6.94916e-07
    8.01056e-07
    7.58338e-07
    8.53639e-07
    6.18043e-05
    1.06706e-06
    1.40701e-06
    1.46496e-06
    2.54575e-07
    2.28023e-06
    2.24142e-06
    4.91863e-07
    5.49907e-07
     5.3197e-07
    5.93456e-07
     5.9098e-07
    4.21758e-05
    9.72148e-07
    1.00428e-06
    1.83701e-07
    1.98441e-07
    1.52073e-06
    1.45604e-06
    3.24409e-07
    3.71638e-07
    3.52548e-07
    3.95728e-07
    3.97062e-07
    2.86762e-05
    6.51201e-07
    6.77887e-07
    1.18136e-07
    1.32852e-07
    1.03034e-06
    9.87539e-07
    2.18657e-07
    2.51989e-07
    2.38533e-07
    2.68476e-07
    2.69467e-07
    1.94994e-05
    4.42441e-07
    4.60658e-07
    8.00684e-08
     9.0128e-08
    7.00452e-07
    6.71391e-07
    1.48583e-07
    1.71277e-07
    1.62143e-07
     1.8252e-07
    1.32146e-05
    2.28152e-07
    3.00837e-07
    3.13229e-07
    5.44316e-08
    4.87544e-07
    4.79246e-07
    1.05167e-07
    1.17578e-07
    1.13743e-07
    1.26889e-07
     1.2636e-07
    9.01777e-06
    2.07859e-07
    2.14729e-07
    3.92779e-08
    4.24294e-08
    3.25154e-07
    3.11322e-07
    6.93632e-08
    7.94612e-08
    7.53795e-08
    8.46121e-08
    8.48972e-08
    6.13137e-06
    1.39236e-07
    1.44942e-07
    2.52591e-08
    2.84056e-08
    2.20302e-07
    2.11149e-07
     4.6752e-08
    5.38788e-08
    5.10017e-08
    5.74039e-08
    5.76157e-08
    4.16924e-06
       9.46e-08
     9.8495e-08
    1.71197e-08
    1.92706e-08
    1.49766e-07
    1.43553e-07
     3.1769e-08
    3.66213e-08
    3.46684e-08
    3.90252e-08
    2.82547e-06
     4.8782e-08
    6.43231e-08
    6.69727e-08
    1.16382e-08
    1.04244e-07
    1.02469e-07
    2.24862e-08
    2.51397e-08
    2.43197e-08
    2.71306e-08
    2.70174e-08
    1.92812e-06
    4.44431e-08
     4.5912e-08
    8.39816e-09
    9.07198e-09
    6.95224e-08
     6.6565e-08
    1.48308e-08
    1.69899e-08
    1.61172e-08
    1.80912e-08
    1.81522e-08
    1.31097e-06
    2.97705e-08
    3.09905e-08
    5.40074e-09
    6.07351e-09
    4.71036e-08
    4.51466e-08
    9.99621e-09
      1.152e-08
    1.09049e-08
    1.22737e-08
     1.2319e-08
    8.91441e-07
    2.02268e-08
    2.10596e-08
    3.66043e-09
    4.12032e-09
    3.20221e-08
    3.06935e-08
    6.79265e-09
    7.83014e-09
    7.41258e-09
    8.34413e-09
    8.37525e-09
    6.06179e-07
    1.37532e-08
    1.43197e-08
    2.48841e-09
    2.80127e-09
    2.17746e-08
    2.08713e-08
    4.61873e-09
    5.32428e-09
    5.04039e-09
    5.67388e-09
    4.10804e-07
    7.09249e-09
    9.35209e-09
    9.73734e-09
    1.69208e-09
    1.51563e-08
    1.48983e-08
    3.26932e-09
    3.65513e-09
    3.53591e-09
     3.9446e-09
    3.92815e-09
    2.80336e-07
    6.46172e-09
     6.6753e-09
    1.22103e-09
      1.319e-09
    1.01081e-08
    9.67811e-09
     2.1563e-09
    2.47022e-09
    2.34333e-09
    2.63034e-09
    2.63921e-09
    1.90606e-07
    4.32844e-09
    4.50581e-09
    7.85232e-10
    8.83048e-10
    6.84854e-09
    6.56402e-09
    1.45338e-09
    1.67494e-09
     1.5855e-09
    1.78452e-09
    1.79111e-09
     1.2961e-07
    2.94084e-09
    3.06192e-09
    5.32203e-10
    5.99067e-10
     4.6558e-09
    4.46264e-09
    9.87607e-10
    1.13845e-09
    1.07774e-09
    1.21318e-09
    8.78356e-08
    1.51649e-09
    1.99962e-09
    2.08199e-09
    3.61799e-10
    3.24063e-09
    3.18547e-09
     6.9903e-10
    7.81521e-10
    7.56029e-10
    8.43413e-10
    8.39894e-10
    5.99397e-08
    1.38161e-09
    1.42727e-09
    2.61074e-10
    2.82022e-10
    2.16125e-09
    2.06931e-09
    4.61046e-10
    5.28167e-10
    5.01036e-10
    5.62404e-10
    5.64299e-10
    4.07543e-08
     9.2548e-10
    9.63405e-10
    1.67893e-10
    1.88808e-10
    1.46431e-09
    1.40348e-09
    3.10753e-10
    3.58124e-10
    3.39001e-10
    3.81555e-10
    3.82963e-10
    2.77123e-08
    6.28792e-10
    6.54682e-10
    1.13792e-10
    1.28089e-10
    9.95473e-10
    9.54173e-10
    2.11164e-10
    2.43416e-10
    2.30436e-10
    2.59395e-10
    1.87805e-08
    3.24246e-10
    4.27546e-10
    4.45158e-10
    7.73575e-11
    6.92892e-10
    6.81098e-10
    1.49462e-10
      1.671e-10
     1.6165e-10
    1.80333e-10
    1.79581e-10
    1.28159e-08
    2.95406e-10
     3.0517e-10
    5.58213e-11
    6.03001e-11
    4.62105e-10
    4.42448e-10
    9.85781e-11
    1.12929e-10
    1.07128e-10
     1.2025e-10
    1.20655e-10
    8.71383e-09
     1.9788e-10
    2.05989e-10
    3.58979e-11
    4.03697e-11
     3.1309e-10
    3.00083e-10
    6.64433e-11
    7.65719e-11
     7.2483e-11
    8.15817e-11
    8.18828e-11
    5.92528e-09
    1.34444e-10
     1.3998e-10
    2.43303e-11
    2.73872e-11
    2.12846e-10
    2.04015e-10
    4.51498e-11
    5.20458e-11
    4.92703e-11
    5.54622e-11
    4.01552e-09
    6.93284e-11
    9.14152e-11
    9.51808e-11
    1.65401e-11
     1.4815e-10
    1.45628e-10
    3.19571e-11
    3.57283e-11
    3.45629e-11
    3.85577e-11
    3.83968e-11
    2.74022e-09
    6.31619e-11
    6.52496e-11
    1.19354e-11
     1.2893e-11
    9.88043e-11
    9.46014e-11
    2.10774e-11
    2.41458e-11
    2.29055e-11
     2.5711e-11
    2.57977e-11
    1.86314e-09
    4.23095e-11
    4.40433e-11
    7.67547e-12
     8.6316e-12
     6.6943e-11
    6.41618e-11
    1.42065e-11
    1.63721e-11
    1.54979e-11
    1.74433e-11
    1.75077e-11
    1.26691e-09
    2.87461e-11
    2.99296e-11
    5.20216e-12
    5.85575e-12
    4.55094e-11
    4.36213e-11
    9.65364e-12
    1.11281e-11
    1.05347e-11
    1.18586e-11
    1.19028e-11
    8.61494e-10
    1.95458e-11
     2.0351e-11
     3.5365e-12
    3.98113e-12
    3.09458e-11
     2.9662e-11
    6.56408e-12
     7.5668e-12
    7.16334e-12
    8.06365e-12
     5.8383e-10
    1.00798e-11
    1.32911e-11
    1.38386e-11
    2.40476e-12
    2.15399e-11
    2.11733e-11
    4.64632e-12
    5.19463e-12
     5.0252e-12
    5.60602e-12
    5.58264e-12
     3.9841e-10
    9.18332e-12
    9.48685e-12
    1.73532e-12
    1.87455e-12
    1.43655e-11
    1.37544e-11
    3.06451e-12
    3.51064e-12
    3.33031e-12
    3.73821e-12
    3.75081e-12
    2.70888e-10
    6.15152e-12
     6.4036e-12
    1.11596e-12
    1.25498e-12
    9.73307e-12
    9.32871e-12
    2.06553e-12
     2.3804e-12
    2.25329e-12
    2.53614e-12
     2.5455e-12
      1.842e-10
    4.17948e-12
    4.35157e-12
     7.5636e-13
    8.51387e-13
    6.61676e-12
    6.34225e-12
    1.40357e-12
    1.61795e-12
    1.53167e-12
    1.72416e-12
    1.24831e-10
    2.15522e-12
    2.84183e-12
     2.9589e-12
    5.14184e-13
    4.60555e-12
    4.52716e-12
    9.93453e-13
    1.11069e-12
    1.07446e-12
    1.19865e-12
    1.19365e-12
    8.51856e-11
    1.96352e-12
    2.02842e-12
    3.71036e-13
    4.00806e-13
    3.07154e-12
    2.94088e-12
    6.55234e-13
    7.50624e-13
    7.12067e-13
    7.99282e-13
    8.01975e-13
    5.79195e-11
    1.31528e-12
    1.36918e-12
    2.38608e-13
    2.68331e-13
    2.08106e-12
    1.99461e-12
    4.41639e-13
    5.08962e-13
    4.81784e-13
    5.42261e-13
    5.44262e-13
    6.77752e-13
    8.93631e-13
    9.30425e-13
     1.6172e-13
    1.82038e-13
    1.48626e-13
    8.11734e-14
     6.8881e-14
    6.55675e-14
    5.52013e-14
    4.69458e-14
    4.16403e-14
    3.78897e-14
    2.81139e-14
    2.29622e-14
     1.6233e-14
     1.3966e-14
    1.01869e-14
    7.58224e-15
    5.61257e-15
    4.82111e-15
     3.6111e-15
    2.96616e-15
    2.41064e-15
    1.98002e-15
    1.59449e-15
    1.28219e-15
    1.01309e-15
      7.975e-16
    6.12403e-16
      4.748e-16
    3.68125e-16
    2.89872e-16
    2.28547e-16
    1.83216e-16
    1.45259e-16
    1.16485e-16
    9.30885e-17
    7.44898e-17
    5.92082e-17
    4.68873e-17
    3.69516e-17
    2.91078e-17
    2.28613e-17
    1.79946e-17
    1.41876e-17
    1.12399e-17
    8.91243e-18
     7.0832e-18
    5.62528e-18
    4.46945e-18
    3.54387e-18
    2.80971e-18
    2.22284e-18
    1.75716e-18
    1.38738e-18
    1.09572e-18
    8.65554e-19
     6.8451e-19
    5.41736e-19
    4.29186e-19
    3.40119e-19
    2.69613e-19
     2.1366e-19
    1.69267e-19
    1.34016e-19
    1.06065e-19
    8.39094e-20
    6.63771e-20
    5.25057e-20
    4.15425e-20
    3.28765e-20
    2.60272e-20
    2.06097e-20
    1.63226e-20
    1.29271e-20
    1.02373e-20
    8.10567e-21
    6.41684e-21
    5.07892e-21
    4.01953e-21
     3.1809e-21
    2.51733e-21
    1.99231e-21
    1.57696e-21
    1.24833e-21
     9.8828e-22
    7.82434e-22
     6.1947e-22
    4.90431e-22
    3.88251e-22
     3.0734e-22
    2.43279e-22
    1.92563e-22
    1.52418e-22
    1.20644e-22
    9.54961e-23
    7.55931e-23
    5.98404e-23
    4.73718e-23
    3.75017e-23
     2.9688e-23
    2.35021e-23
    1.86047e-23
    1.47275e-23
     1.1658e-23
    9.22823e-24
    7.30481e-24
     5.7823e-24
    4.57717e-24
    3.62326e-24
    2.86818e-24
    2.27048e-24
    1.79734e-24
    1.42279e-24
    1.12629e-24
    8.91577e-25
     7.0577e-25
    5.58682e-25
    4.42246e-25
    3.50077e-25
    2.77118e-25
    2.19365e-25
    1.73648e-25
     1.3746e-25
    1.08814e-25
    8.61375e-26
    6.81868e-26
    5.39768e-26
     4.2728e-26
    3.38234e-26
    2.67745e-26
    2.11946e-26
    1.67775e-26
     1.3281e-26
    1.05132e-26
    8.32225e-27
    6.58788e-27
    5.21497e-27
    4.12817e-27
    3.26786e-27
    2.58683e-27
    2.04773e-27
    1.62098e-27
    1.28316e-27
    1.01575e-27
    8.04064e-28
    6.36495e-28
    5.03848e-28
    3.98845e-28
    3.15725e-28
    2.49928e-28
    1.97842e-28
    1.56612e-28
    1.23974e-28
    9.81374e-29
    7.76854e-29
    6.14956e-29
    4.86798e-29
    3.85348e-29
    3.05041e-29
     2.4147e-29
    1.91147e-29
    1.51312e-29
    1.19778e-29
    9.48162e-30
    7.50563e-30
    5.94145e-30
    4.70324e-30
    3.72308e-30
    2.94718e-30
    2.33298e-30
    1.84678e-30
    1.46191e-30
    1.15725e-30
    9.16074e-31
    7.25163e-31
    5.74037e-31
    4.54407e-31
    3.59708e-31
    2.84744e-31
    2.25403e-31
    1.78429e-31
    1.41244e-31
    1.11808e-31
    8.85072e-32
    7.00622e-32
    5.54611e-32
    4.39029e-32
    3.47535e-32
    2.75108e-32
    2.17775e-32
     1.7239e-32
    1.36464e-32
    1.08024e-32
     8.5512e-33
    6.76911e-33
    5.35842e-33
    4.24172e-33
    3.35773e-33
    2.65798e-33
    2.10405e-33
    1.66556e-33
    1.31846e-33
    1.04369e-33
    8.26181e-34
    6.54004e-34
    5.17708e-34
    4.09817e-34
     3.2441e-34
    2.56803e-34
    2.03284e-34
     1.6092e-34
    1.27384e-34
    1.00837e-34
    7.98222e-35
    6.31871e-35
    5.00188e-35
    3.95948e-35
    3.13432e-35
    2.48112e-35
    1.96405e-35
    1.55474e-35
    1.23073e-35
    9.74242e-36
    7.71208e-36
    6.10487e-36
     4.8326e-36
    3.82548e-36
    3.02824e-36
    2.39715e-36
    1.89758e-36
    1.50212e-36
    1.18908e-36
    9.41272e-37
    7.45109e-37
    5.89827e-37
    4.66906e-37
    3.69602e-37
    2.92576e-37
    2.31603e-37
    1.83336e-37
    1.45129e-37
    1.14884e-37
    9.09417e-38
    7.19893e-38
    5.69866e-38
    4.51105e-38
    3.57094e-38
    2.82675e-38
    2.23765e-38
    1.77132e-38
    1.40217e-38
    1.10996e-38
    8.78641e-39
    6.95531e-39
    5.50581e-39
    4.35839e-39
    3.45009e-39
    2.73109e-39
    2.16192e-39
    1.71137e-39
    1.35472e-39
     1.0724e-39
    8.48906e-40
    6.71993e-40
    5.31948e-40
    4.21089e-40
    3.33333e-40
    2.63866e-40
    2.08876e-40
    1.65346e-40
    1.30888e-40
     1.0361e-40
    8.20177e-41
    6.49251e-41
    5.13946e-41
    4.06839e-41
    3.22053e-41
    2.54936e-41
    2.01807e-41
     1.5975e-41
    1.26458e-41
    1.00104e-41
    7.92421e-42
    6.27279e-42
    4.96553e-42
    3.93071e-42
    3.11154e-42
    2.46309e-42
    1.94978e-42
    1.54344e-42
    1.22178e-42
    9.67162e-43
    7.65604e-43
    6.06051e-43
    4.79749e-43
    3.79768e-43
    3.00624e-43
    2.37973e-43
    1.88379e-43
    1.49121e-43
    1.18044e-43
    9.34432e-44
    7.39695e-44
    5.85541e-44
    4.63513e-44
    3.66916e-44
     2.9045e-44
     2.2992e-44
    1.82004e-44
    1.44074e-44
    1.14049e-44
    9.02809e-45
    7.14662e-45
    5.65725e-45
    4.47827e-45
    3.54499e-45
    2.80621e-45
    2.22139e-45
    1.75845e-45
    1.39198e-45
    1.10189e-45
    8.72256e-46
    6.90476e-46
     5.4658e-46
    4.32672e-46
    3.42502e-46
    2.71124e-46
    2.14621e-46
    1.69894e-46
    1.34488e-46
     1.0646e-46
    8.42737e-47
    6.67109e-47
    5.28083e-47
    4.18029e-47
    3.30911e-47
    2.61949e-47
    2.07358e-47
    1.64144e-47
    1.29936e-47
    1.02857e-47
    8.14218e-48
    6.44533e-48
    5.10211e-48
    4.03882e-48
    3.19713e-48
    2.53084e-48
    2.00341e-48
    1.58589e-48
    1.25539e-48
    9.93765e-49
    7.86663e-49
    6.22721e-49
    4.92945e-49
    3.90214e-49
    3.08893e-49
    2.44519e-49
    1.93561e-49
    1.53222e-49
    1.21291e-49
    9.60134e-50
    7.60041e-50
    6.01647e-50
    4.76263e-50
    3.77009e-50
    2.98439e-50
    2.36244e-50
     1.8701e-50
    1.48037e-50
    1.17186e-50
    9.27642e-51
    7.34319e-51
    5.81286e-51
    4.60145e-51
     3.6425e-51
     2.8834e-51
    2.28249e-51
    1.80682e-51
    1.43027e-51
     1.1322e-51
    8.96248e-52
    7.09469e-52
    5.61614e-52
    4.44573e-52
    3.51923e-52
    2.78582e-52
    2.20525e-52
    1.74567e-52
    1.38187e-52
    1.09389e-52
    8.65918e-53
    6.85459e-53
    5.42608e-53
    4.29528e-53
    3.40013e-53
    2.69154e-53
    2.13062e-53
    1.68659e-53
