              0
              0
              0
              0
              0
              0
              0
              0
              0
              0
              0
              0
       0.015215
     0.00442228
      0.0197725
     0.00104537
     0.00169905
     0.00469284
     0.00629121
     0.00747083
      0.0170966
     0.00912202
       0.058808
     0.00562442
      0.0152311
      0.0057362
     0.00917246
      0.0093371
     0.00888173
      0.0256137
     0.00792888
     0.00933787
     0.00871365
     0.00875625
     0.00893092
     0.00960848
      0.0150182
     0.00756484
     0.00771638
     0.00698196
     0.00706133
     0.00689939
     0.00752858
     0.00711995
      0.0068356
     0.00638569
     0.00779622
      0.0060908
      0.0106313
     0.00562379
     0.00590481
     0.00549601
     0.00549357
     0.00549197
     0.00606041
     0.00530653
     0.00539009
       0.005203
     0.00507647
      0.0081627
     0.00487046
     0.00456934
     0.00468819
     0.00437598
     0.00434588
     0.00426292
     0.00414692
      0.0041765
     0.00403835
      0.0042732
     0.00387269
     0.00587834
     0.00354829
     0.00360849
     0.00336189
     0.00331766
     0.00322053
     0.00319401
     0.00307521
     0.00309269
     0.00298818
     0.00292917
     0.00282477
     0.00423364
     0.00263771
     0.00268047
     0.00252065
     0.00248196
     0.00240205
     0.00237678
     0.00228811
      0.0022897
     0.00220488
     0.00215071
     0.00207755
     0.00302255
     0.00193616
     0.00195993
     0.00184074
     0.00180866
     0.00175521
     0.00173491
     0.00167147
     0.00166958
     0.00160728
     0.00156761
     0.00151449
     0.00215323
     0.00141043
     0.00142311
     0.00133982
     0.00131493
      0.0012764
     0.00126047
     0.00121515
      0.0012117
     0.00116717
     0.00113808
     0.00157288
     0.00105918
     0.00102506
     0.00103173
    0.000979448
    0.000962962
    0.000940143
    0.000909485
    0.000903276
     0.00087132
    0.000847732
    0.000819896
     0.00111132
    0.000764221
    0.000766822
    0.000725505
    0.000711663
    0.000690136
    0.000679725
    0.000655892
    0.000651501
    0.000628229
    0.000612095
     0.00059191
    0.000789273
    0.000552414
     0.00055312
     0.00052381
    0.000512927
     0.00049786
    0.000489963
    0.000472936
     0.00046913
    0.000452499
    0.000440799
    0.000426308
    0.000559819
    0.000398028
    0.000397858
    0.000377259
    0.000369233
    0.000358367
     0.00035241
    0.000340249
    0.000337109
    0.000325258
    0.000316775
    0.000407544
    0.000295576
    0.000286211
    0.000285632
    0.000272507
    0.000267096
    0.000260388
    0.000252059
    0.000249011
    0.000240509
    0.000233846
    0.000226324
    0.000287112
    0.000211418
     0.00021054
    0.000200315
    0.000196005
    0.000190093
    0.000186597
    0.000180269
    0.000178135
    0.000171999
    0.000167425
    0.000162017
    0.000203157
    0.000151486
    0.000150641
    0.000143407
    0.000140142
     0.00013601
    0.000133439
    0.000128942
    0.000127297
    0.000122935
    0.000119651
    0.000115794
    0.000143605
    0.000108297
    0.000107568
    0.000102492
    0.000100124
    9.71681e-05
    9.52808e-05
    9.20853e-05
    9.08365e-05
    8.77422e-05
     8.5385e-05
    0.000104265
    7.98135e-05
     7.7315e-05
    7.67098e-05
    7.34365e-05
    7.18264e-05
    6.99525e-05
    6.77452e-05
    6.66797e-05
    6.44606e-05
    6.26467e-05
    6.06606e-05
    7.32914e-05
    5.67516e-05
    5.62189e-05
    5.36981e-05
    5.24521e-05
    5.08731e-05
    4.98201e-05
    4.81707e-05
    4.74269e-05
    4.58361e-05
    4.45873e-05
    4.31686e-05
    5.17103e-05
    4.04152e-05
    3.99947e-05
    3.82154e-05
    3.72918e-05
    3.61895e-05
    3.54274e-05
    3.42599e-05
    3.37084e-05
    3.25819e-05
    3.16918e-05
    3.06846e-05
    3.64539e-05
     2.8733e-05
    2.84105e-05
    2.71635e-05
    2.65004e-05
    2.57163e-05
    2.51652e-05
    2.43388e-05
     2.3933e-05
    2.31366e-05
    2.25019e-05
     2.6412e-05
    2.10609e-05
    2.04073e-05
    2.01621e-05
    1.93499e-05
    1.88967e-05
    1.83904e-05
    1.78158e-05
    1.74886e-05
    1.69176e-05
    1.64361e-05
    1.59206e-05
    1.85331e-05
    1.49112e-05
    1.47144e-05
    1.40949e-05
    1.37504e-05
    1.33371e-05
    1.30385e-05
    1.26146e-05
    1.23864e-05
    1.19792e-05
    1.16471e-05
    1.12806e-05
    1.30457e-05
    1.05713e-05
    1.04237e-05
    9.98735e-06
     9.7356e-06
    9.44731e-06
    9.23329e-06
    8.93413e-06
    8.76817e-06
    8.48068e-06
    8.24513e-06
    7.98591e-06
     9.1769e-06
    7.48478e-06
    7.37577e-06
    7.07028e-06
     6.8908e-06
    6.68658e-06
    6.53326e-06
    6.32214e-06
    6.20196e-06
     5.9993e-06
    5.83216e-06
    5.64916e-06
    6.45251e-06
    5.29553e-06
    5.21527e-06
    5.00157e-06
    4.87374e-06
    4.72925e-06
    4.61956e-06
    4.47072e-06
    4.38388e-06
     4.2411e-06
    4.12262e-06
     4.6657e-06
    3.86303e-06
    3.74408e-06
    3.68523e-06
    3.54463e-06
    3.45689e-06
    3.36208e-06
      3.258e-06
    3.19047e-06
     3.0881e-06
    2.99933e-06
    2.90618e-06
    3.26835e-06
    2.72461e-06
    2.67937e-06
    2.57318e-06
    2.50745e-06
    2.43217e-06
    2.37403e-06
    2.29811e-06
    2.25107e-06
    2.17842e-06
     2.1171e-06
    2.05116e-06
    2.29551e-06
    1.92384e-06
    1.89083e-06
    1.81618e-06
     1.7687e-06
    1.71624e-06
    1.67489e-06
    1.62146e-06
     1.5877e-06
    1.53656e-06
    1.49324e-06
    1.44676e-06
    1.61139e-06
    1.35709e-06
    1.33321e-06
      1.281e-06
    1.24735e-06
    1.21033e-06
    1.18092e-06
    1.14333e-06
    1.11916e-06
     1.0832e-06
     1.0526e-06
    1.16361e-06
    9.87026e-07
    9.56784e-07
    9.39534e-07
    9.04945e-07
    8.81793e-07
    8.57261e-07
    8.30872e-07
    8.12424e-07
    7.86646e-07
    7.63892e-07
    7.40312e-07
    8.14199e-07
    6.94493e-07
    6.81477e-07
    6.55528e-07
    6.38328e-07
    6.19181e-07
    6.03788e-07
    5.84682e-07
    5.71838e-07
      5.536e-07
    5.37865e-07
    5.21223e-07
       5.71e-07
    4.89135e-07
    4.79754e-07
    4.61539e-07
    4.49201e-07
    4.35862e-07
    4.24963e-07
    4.11543e-07
    4.02387e-07
    3.89574e-07
     3.7849e-07
    3.66782e-07
    4.00267e-07
    3.44229e-07
    3.37509e-07
     3.2478e-07
    3.16065e-07
    3.06674e-07
    2.98957e-07
    2.89531e-07
    2.83018e-07
    2.74023e-07
    2.66213e-07
    2.88719e-07
    2.49771e-07
    2.42148e-07
    2.37338e-07
    2.28853e-07
    2.22847e-07
    2.16577e-07
     2.0994e-07
    2.05032e-07
    1.98584e-07
    1.92812e-07
    1.86889e-07
    2.01833e-07
     1.7541e-07
    1.71823e-07
    1.65495e-07
     1.6106e-07
    1.56233e-07
    1.52229e-07
    1.47453e-07
    1.44037e-07
    1.39487e-07
    1.35492e-07
    1.31322e-07
    1.41371e-07
    1.23291e-07
    1.20727e-07
     1.1629e-07
    1.13126e-07
    1.09764e-07
    1.06939e-07
    1.03589e-07
    1.01166e-07
    9.79741e-08
    9.51659e-08
    9.22374e-08
    9.89843e-08
    8.66024e-08
    8.47772e-08
    8.16789e-08
      7.945e-08
    7.70876e-08
    7.50936e-08
    7.27445e-08
    7.10281e-08
    6.87909e-08
    6.68164e-08
    7.13329e-08
    6.27185e-08
    6.08104e-08
     5.9512e-08
    5.74361e-08
    5.58979e-08
    5.43108e-08
    5.26529e-08
    5.13714e-08
    4.97679e-08
    4.83154e-08
    4.68374e-08
    4.98271e-08
    4.39782e-08
    4.30179e-08
    4.14773e-08
    4.03472e-08
    3.91384e-08
    3.81112e-08
    3.69239e-08
    3.60322e-08
    3.49031e-08
    3.38972e-08
    3.28584e-08
    3.48643e-08
    3.08601e-08
    3.01774e-08
    2.90984e-08
    2.82955e-08
    2.74539e-08
    2.67308e-08
    2.58992e-08
     2.5269e-08
     2.4478e-08
    2.37721e-08
    2.30437e-08
     2.4387e-08
    2.16434e-08
    2.11597e-08
    2.04067e-08
    1.98422e-08
    1.92518e-08
    1.87428e-08
    1.81603e-08
    1.77154e-08
    1.71616e-08
    1.66661e-08
    1.61558e-08
    1.70548e-08
     1.5175e-08
    1.48325e-08
    1.43072e-08
    1.39105e-08
    1.34966e-08
    1.31383e-08
    1.27305e-08
    1.24166e-08
    1.20289e-08
    1.16813e-08
    1.22792e-08
    1.09698e-08
    1.06371e-08
    1.03946e-08
    1.00408e-08
    9.76668e-09
    9.48697e-09
     9.1984e-09
      8.966e-09
    8.68816e-09
    8.43359e-09
    8.17662e-09
    8.57049e-09
    7.68049e-09
    7.50245e-09
    7.24119e-09
    7.04072e-09
    6.82989e-09
    6.64651e-09
    6.44087e-09
     6.2792e-09
    6.08396e-09
    5.90756e-09
    5.72728e-09
    5.99056e-09
    5.38085e-09
     5.2549e-09
    5.07212e-09
    4.93025e-09
    4.78351e-09
    4.65472e-09
    4.51086e-09
    4.39698e-09
    4.26037e-09
    4.13679e-09
    4.01056e-09
    4.18616e-09
    3.76812e-09
    3.67924e-09
    3.55175e-09
    3.45222e-09
    3.34944e-09
    3.25899e-09
    3.15835e-09
     3.0782e-09
    2.98267e-09
    2.89607e-09
    3.01202e-09
    2.72049e-09
    2.63816e-09
    2.57546e-09
    2.48926e-09
    2.42042e-09
     2.3507e-09
    2.27937e-09
    2.22034e-09
    2.15188e-09
    2.08866e-09
    2.02519e-09
    2.10114e-09
    1.90282e-09
    1.85697e-09
    1.79356e-09
    1.74337e-09
    1.69118e-09
    1.64508e-09
    1.59442e-09
    1.55336e-09
    1.50532e-09
     1.4615e-09
    1.41703e-09
    1.46757e-09
    1.33163e-09
    1.29929e-09
    1.25496e-09
    1.21954e-09
    1.18322e-09
    1.15089e-09
    1.11549e-09
    1.08663e-09
    1.05304e-09
    1.02237e-09
    9.91267e-10
    9.60591e-10
     9.3156e-10
    9.08797e-10
     8.7789e-10
    8.52224e-10
    8.25662e-10
    8.01137e-10
    7.76989e-10
    7.53751e-10
    7.31113e-10
    7.09352e-10
    6.88194e-10
    6.67716e-10
    6.47874e-10
    6.28614e-10
     6.0987e-10
    5.91575e-10
    5.73911e-10
    5.56783e-10
    5.40166e-10
    5.24044e-10
    5.08397e-10
    4.93223e-10
    4.78495e-10
    4.64211e-10
    4.50346e-10
    4.36899e-10
     4.2385e-10
    4.11192e-10
     3.9891e-10
    3.86995e-10
    3.75435e-10
    3.64222e-10
    3.53343e-10
    3.42789e-10
     3.3255e-10
    3.22616e-10
     3.1298e-10
    3.03632e-10
    2.94563e-10
    2.85765e-10
     2.7723e-10
    2.68949e-10
    2.60917e-10
    2.53124e-10
    2.45564e-10
     2.3823e-10
    2.31115e-10
    2.24212e-10
    2.17516e-10
    2.11019e-10
    2.04717e-10
    1.98603e-10
    1.92671e-10
    1.86917e-10
    1.81334e-10
    1.75918e-10
    1.70664e-10
    1.65567e-10
    1.60622e-10
    1.55825e-10
    1.51171e-10
    1.46656e-10
    1.42276e-10
    1.38027e-10
    1.33904e-10
    1.29905e-10
    1.26025e-10
    1.22261e-10
     1.1861e-10
    1.15067e-10
     1.1163e-10
    1.08296e-10
    1.05062e-10
    1.01924e-10
    9.88799e-11
    9.59267e-11
    9.30616e-11
    9.02822e-11
    8.75858e-11
    8.49699e-11
    8.24321e-11
    7.99701e-11
    7.75817e-11
    7.52646e-11
    7.30167e-11
    7.08359e-11
    6.87203e-11
    6.66678e-11
    6.46767e-11
     6.2745e-11
     6.0871e-11
     5.9053e-11
    5.72893e-11
    5.55782e-11
    5.39183e-11
    5.23079e-11
    5.07456e-11
      4.923e-11
    4.77597e-11
    4.63333e-11
    4.49494e-11
     4.3607e-11
    4.23046e-11
    4.10411e-11
    3.98153e-11
    3.86261e-11
    3.74725e-11
    3.63533e-11
    3.52676e-11
    3.42142e-11
    3.31924e-11
     3.2201e-11
    3.12393e-11
    3.03063e-11
    2.94011e-11
     2.8523e-11
    2.76711e-11
    2.68447e-11
    2.60429e-11
    2.52651e-11
    2.45105e-11
    2.37785e-11
    2.30683e-11
    2.23793e-11
    2.17109e-11
    2.10625e-11
    2.04334e-11
    1.98231e-11
    1.92311e-11
    1.86567e-11
    1.80995e-11
    1.75589e-11
    1.70345e-11
    1.65257e-11
    1.60322e-11
    1.55533e-11
    1.50888e-11
    1.46381e-11
     1.4201e-11
    1.37768e-11
    1.33653e-11
    1.29662e-11
    1.25789e-11
    1.22032e-11
    1.18388e-11
    1.14852e-11
    1.11421e-11
    1.08094e-11
    1.04865e-11
    1.01733e-11
    9.86948e-12
    9.57471e-12
    9.28875e-12
    9.01132e-12
    8.74218e-12
    8.48108e-12
    8.22778e-12
    7.98204e-12
    7.74365e-12
    7.51237e-12
      7.288e-12
    7.07033e-12
    6.85916e-12
     6.6543e-12
    6.45556e-12
    6.26275e-12
     6.0757e-12
    5.89424e-12
     5.7182e-12
    5.54742e-12
    5.38173e-12
      5.221e-12
    5.06507e-12
    4.91379e-12
    4.76703e-12
    4.62465e-12
    4.48653e-12
    4.35253e-12
    4.22254e-12
    4.09642e-12
    3.97408e-12
    3.85538e-12
    3.74024e-12
    3.62853e-12
    3.52016e-12
    3.41502e-12
    3.31302e-12
    3.21408e-12
    3.11808e-12
    3.02495e-12
    2.93461e-12
    2.84696e-12
    2.76193e-12
    2.67944e-12
    2.59942e-12
    2.52178e-12
    2.44646e-12
     2.3734e-12
    2.30251e-12
    2.23374e-12
    2.16703e-12
     2.1023e-12
    2.03952e-12
     1.9786e-12
    1.91951e-12
    1.86218e-12
    1.80656e-12
     1.7526e-12
    1.70026e-12
    1.64948e-12
    1.60021e-12
    1.55242e-12
    1.50606e-12
    1.46107e-12
    1.41744e-12
     1.3751e-12
    1.33403e-12
    1.29419e-12
    1.25554e-12
    1.21804e-12
    1.18166e-12
    1.14637e-12
    1.11213e-12
    1.07891e-12
    1.04669e-12
    1.01543e-12
    9.85101e-13
    9.55679e-13
    9.27136e-13
    8.99445e-13
    8.72582e-13
    8.46521e-13
    8.21238e-13
     7.9671e-13
    7.72915e-13
    7.49831e-13
    7.27436e-13
     7.0571e-13
    6.84632e-13
    6.64185e-13
    6.44348e-13
    6.25103e-13
    6.06433e-13
    5.88321e-13
     5.7075e-13
    5.53703e-13
    5.37166e-13
    5.21123e-13
    5.05558e-13
    4.90459e-13
    4.75811e-13
      4.616e-13
    4.47813e-13
    4.34439e-13
    4.21463e-13
    4.08876e-13
    3.96664e-13
    3.84817e-13
    3.73324e-13
    3.62174e-13
    3.51357e-13
    3.40863e-13
    3.30682e-13
    3.20806e-13
    3.11225e-13
    3.01929e-13
    2.92912e-13
    2.84163e-13
    2.75676e-13
    2.67443e-13
    2.59455e-13
    2.51706e-13
    2.44188e-13
    2.36895e-13
     2.2982e-13
    2.22956e-13
    2.16297e-13
    2.09837e-13
     2.0357e-13
     1.9749e-13
    1.91591e-13
    1.85869e-13
    1.80318e-13
    1.74932e-13
    1.69708e-13
    1.64639e-13
    1.59722e-13
    1.54952e-13
    1.50324e-13
    1.45834e-13
    1.41478e-13
    1.37253e-13
    1.33154e-13
    1.29177e-13
    1.25319e-13
    1.21576e-13
    1.17945e-13
    1.14422e-13
    1.11005e-13
    1.07689e-13
    1.04473e-13
    1.01353e-13
    9.83257e-14
     9.5389e-14
    9.25401e-14
    8.97762e-14
    8.70949e-14
    8.44936e-14
    8.19701e-14
    7.95219e-14
    7.71468e-14
    7.48427e-14
    7.26074e-14
    7.04389e-14
    6.83351e-14
    6.62941e-14
    6.43142e-14
    6.23933e-14
    6.05298e-14
     5.8722e-14
    5.69682e-14
    5.52667e-14
    5.36161e-14
    5.20147e-14
    5.04612e-14
    4.89541e-14
     4.7492e-14
    4.60736e-14
    4.46975e-14
    4.33625e-14
    4.20674e-14
     4.0811e-14
    3.95921e-14
    3.84096e-14
    3.72625e-14
    3.61496e-14
    3.50699e-14
    3.40225e-14
    3.30063e-14
    3.20205e-14
    3.10642e-14
    3.01364e-14
    2.92363e-14
    2.83631e-14
     2.7516e-14
    2.66942e-14
    2.58969e-14
    2.51235e-14
    2.43731e-14
    2.36452e-14
     2.2939e-14
    2.22539e-14
    2.15892e-14
    2.09444e-14
    2.03189e-14
     1.9712e-14
    1.91233e-14
    1.85521e-14
     1.7998e-14
    1.74605e-14
     1.6939e-14
    1.64331e-14
    1.59423e-14
    1.54662e-14
    1.50042e-14
    1.45561e-14
    1.41214e-14
    1.36996e-14
    1.32904e-14
    1.28935e-14
    1.25084e-14
    1.21348e-14
    1.17724e-14
    1.14208e-14
    1.10797e-14
    1.07488e-14
    1.04277e-14
    1.01163e-14
    9.81416e-15
    9.52105e-15
    9.23668e-15
    8.96081e-15
    8.69318e-15
    8.43355e-15
    8.18166e-15
    7.93731e-15
    7.70024e-15
    7.47026e-15
    7.24715e-15
     7.0307e-15
    6.82072e-15
    6.61701e-15
    6.41938e-15
    6.22765e-15
    6.04165e-15
    5.86121e-15
    5.68615e-15
    5.51633e-15
