              0
              0
              0
              0
              0
              0
              0
              0
              0
              0
              0
      0.0125222
     0.00683444
              0
    8.43734e-05
      0.0087018
    0.000506108
     0.00778492
    0.000284472
     0.00538372
     0.00622189
      0.0269538
     0.00493016
     0.00423739
     0.00550008
     0.00463514
    0.000532128
     0.00054514
    0.000502167
    0.000434159
      0.0041873
    0.000506518
    0.000672909
    0.000483838
    0.000318688
     0.00263053
     0.00354053
    0.000373366
    0.000281131
    0.000168698
     0.00203568
    0.000147448
    0.000169533
     0.00373019
    0.000144168
    0.000750462
     0.00112541
     0.00162834
     0.00226857
    0.000114806
    5.44852e-05
    0.000538148
    7.85614e-05
    7.66549e-05
    9.06227e-05
    0.000109138
    0.000107226
      0.0004388
     0.00111372
     0.00150143
     4.1844e-05
    7.57239e-05
    3.32205e-05
    3.20522e-05
    4.19735e-05
    4.93131e-05
    6.14223e-05
    5.28838e-05
    2.41095e-05
     0.00011948
    0.000751852
      0.0010222
    0.000108417
    1.79268e-05
    2.31582e-05
    1.88232e-05
    1.31802e-05
    2.24403e-05
    3.43962e-05
    3.31694e-05
    1.41145e-05
    1.79559e-05
    0.000505772
    0.000693551
    2.89903e-05
    1.05939e-05
    1.47609e-05
    1.24357e-05
    8.46236e-06
    1.63037e-05
    2.24996e-05
    2.18369e-05
      8.539e-06
    1.06059e-05
    0.000343006
    0.000468315
    1.67301e-05
    5.05552e-06
    6.78638e-06
     7.0143e-06
    4.90386e-06
    9.34787e-06
    1.48996e-05
    1.45106e-05
    5.49324e-06
    6.97709e-06
    0.000233038
    0.000318285
    1.12541e-05
    3.34193e-06
    4.53772e-06
    4.71016e-06
    3.29209e-06
    6.32941e-06
    1.01116e-05
    9.85101e-06
    3.72213e-06
     0.00015916
    0.000216493
    3.96288e-06
    8.03501e-06
    2.59261e-06
     3.1593e-06
    3.93411e-06
    4.37372e-06
    7.02272e-06
    6.79904e-06
    2.58811e-06
    3.23439e-06
    0.000107792
    0.000147195
    5.24409e-06
    1.57747e-06
     2.1344e-06
    2.20213e-06
    1.54719e-06
    2.93871e-06
    4.68435e-06
    4.56494e-06
    1.72706e-06
    2.19228e-06
    7.32744e-05
    0.000100078
    3.53782e-06
    1.05016e-06
    1.42635e-06
    1.48069e-06
    1.03492e-06
    1.98998e-06
    3.17927e-06
    3.09734e-06
    1.17023e-06
    1.48822e-06
    4.98237e-05
    6.80511e-05
    2.40409e-06
    7.12699e-07
    9.68755e-07
    1.00592e-06
    7.02971e-07
     1.3526e-06
    2.16144e-06
    2.10585e-06
    7.95498e-07
    3.40302e-05
     4.6289e-05
    8.47142e-07
    1.71786e-06
    5.54223e-07
    6.75413e-07
    8.41098e-07
    9.35107e-07
    1.50151e-06
    1.45369e-06
    5.53348e-07
    6.91538e-07
    2.30475e-05
    3.14723e-05
    1.12125e-06
    3.37277e-07
    4.56358e-07
    4.70841e-07
    3.30806e-07
    6.28333e-07
    1.00158e-06
    9.76045e-07
    3.69268e-07
    4.68738e-07
    1.56671e-05
    2.13981e-05
    7.56433e-07
    2.24538e-07
    3.04973e-07
    3.16592e-07
    2.21279e-07
    4.25485e-07
    6.79771e-07
    6.62255e-07
    2.50212e-07
    3.18201e-07
     1.0653e-05
    1.45503e-05
    5.14028e-07
    1.52385e-07
    2.07133e-07
     2.1508e-07
    1.50305e-07
    2.89204e-07
    4.62145e-07
    4.50259e-07
    1.70088e-07
    7.27613e-06
    9.89722e-06
    1.81131e-07
    3.67301e-07
    1.18501e-07
    1.44413e-07
    1.79838e-07
    1.99939e-07
    3.21044e-07
     3.1082e-07
    1.18313e-07
     1.4786e-07
    4.92786e-06
    6.72922e-06
    2.39739e-07
    7.21144e-08
    9.75757e-08
    1.00672e-07
    7.07309e-08
    1.34346e-07
    2.14151e-07
    2.08692e-07
    7.89547e-08
    1.00223e-07
    3.34983e-06
     4.5752e-06
    1.61736e-07
    4.80093e-08
    6.52075e-08
    6.76917e-08
    4.73125e-08
    9.09745e-08
    1.45344e-07
    1.41599e-07
    5.34988e-08
    6.80357e-08
    2.27776e-06
    3.11105e-06
    1.09906e-07
     3.2582e-08
    4.42879e-08
     4.5987e-08
    3.21373e-08
    6.18357e-08
     9.8813e-08
    9.62716e-08
    3.63672e-08
    1.55574e-06
    2.11616e-06
    3.87282e-08
     7.8534e-08
     2.5337e-08
    3.08774e-08
    3.84519e-08
    4.27496e-08
    6.86436e-08
    6.64576e-08
     2.5297e-08
    3.16146e-08
    1.05365e-06
     1.4388e-06
    5.12594e-08
    1.54191e-08
     2.0863e-08
    2.15251e-08
    1.51232e-08
    2.87251e-08
    4.57884e-08
    4.46212e-08
    1.68816e-08
     2.1429e-08
    7.16241e-07
    9.78242e-07
    3.45813e-08
    1.02651e-08
    1.39423e-08
    1.44734e-08
    1.01161e-08
    1.94516e-08
    3.10766e-08
    3.02759e-08
    1.14388e-08
     1.4547e-08
    4.87015e-07
    6.65185e-07
    2.34995e-08
    6.96647e-09
    9.46937e-09
    9.83266e-09
    6.87139e-09
    1.32213e-08
    2.11276e-08
    2.05842e-08
    7.77581e-09
    9.88999e-09
    3.31169e-07
    4.52325e-07
    1.59786e-08
    4.73642e-09
    6.43854e-09
    6.68571e-09
    4.67213e-09
    8.99018e-09
    1.43665e-08
     1.3997e-08
    5.28739e-09
    2.26194e-07
    3.07676e-07
    5.63075e-09
    1.14183e-08
    3.68379e-09
    4.48933e-09
    5.59062e-09
    6.21549e-09
     9.9803e-09
    9.66247e-09
    3.67801e-09
    4.59654e-09
    1.53193e-07
    2.09192e-07
    7.45277e-09
    2.24182e-09
    3.03334e-09
    3.12961e-09
    2.19882e-09
    4.17643e-09
    6.65733e-09
    6.48763e-09
    2.45447e-09
    3.11563e-09
    1.04137e-07
     1.4223e-07
     5.0279e-09
    1.49247e-09
    2.02711e-09
    2.10434e-09
    1.47081e-09
    2.82813e-09
    4.51834e-09
    4.40191e-09
    1.66312e-09
    2.11503e-09
    7.08088e-08
    9.67135e-08
    3.41667e-09
    1.01288e-09
    1.37678e-09
     1.4296e-09
    9.99054e-10
    1.92229e-09
    3.07181e-09
     2.9928e-09
    1.13055e-09
    4.83634e-08
    6.57854e-08
    1.20395e-09
     2.4414e-09
    7.87655e-10
    9.59889e-10
    1.19536e-09
    1.32896e-09
    2.13393e-09
    2.06597e-09
    7.86411e-10
    9.82805e-10
    3.27548e-08
    4.47281e-08
    1.59351e-09
    4.79334e-10
    6.48571e-10
    6.69154e-10
    4.70137e-10
    8.92979e-10
    1.42343e-09
    1.38714e-09
      5.248e-10
    6.66165e-10
    2.22658e-08
    3.04107e-08
    1.07503e-09
    3.19111e-10
    4.33424e-10
    4.49937e-10
    3.14479e-10
    6.04694e-10
    9.66083e-10
    9.41189e-10
    3.55599e-10
    4.52223e-10
    1.51399e-08
    2.06787e-08
     7.3053e-10
    2.16567e-10
    2.94375e-10
    3.05669e-10
    2.13612e-10
    4.11013e-10
    6.56795e-10
    6.39903e-10
    2.41727e-10
    1.03408e-08
    1.40658e-08
    2.57421e-10
    5.22004e-10
    1.68412e-10
    2.05237e-10
    2.55584e-10
     2.8415e-10
    4.56264e-10
    4.41733e-10
    1.68146e-10
    2.10137e-10
    7.00342e-09
    9.56348e-09
    3.40713e-10
    1.02488e-10
    1.38673e-10
    1.43074e-10
    1.00522e-10
    1.90931e-10
    3.04349e-10
     2.9659e-10
    1.12209e-10
    1.42435e-10
    4.76074e-09
    6.50222e-09
    2.29857e-10
    6.82303e-11
    9.26721e-11
    9.62026e-11
    6.72399e-11
    1.29292e-10
    2.06562e-10
    2.01239e-10
    7.60319e-11
    9.66916e-11
    3.23712e-09
    4.42138e-09
    1.56197e-10
    4.63051e-11
    6.29415e-11
    6.53562e-11
    4.56731e-11
    8.78802e-11
    1.40432e-10
     1.3682e-10
    5.16847e-11
      2.211e-09
    3.00747e-09
    5.50401e-11
    1.11612e-10
    3.60087e-11
    4.38826e-11
    5.46474e-11
    6.07553e-11
    9.75554e-11
    9.44487e-11
    3.59518e-11
    4.49302e-11
    1.49743e-09
     2.0448e-09
    7.28492e-11
    2.19134e-11
    2.96503e-11
    3.05913e-11
     2.1493e-11
    4.08237e-11
    6.50739e-11
    6.34151e-11
    2.39919e-11
    3.04546e-11
    1.01791e-09
    1.39027e-09
    4.91466e-11
    1.45886e-11
    1.98146e-11
    2.05694e-11
    1.43768e-11
    2.76444e-11
    4.41658e-11
    4.30277e-11
    1.62567e-11
     2.0674e-11
     6.9214e-10
    9.45353e-10
    3.33972e-11
    9.90067e-12
    1.34578e-11
    1.39741e-11
    9.76553e-12
      1.879e-11
    3.00263e-11
     2.9254e-11
    1.10509e-11
    1.40555e-11
    4.70653e-10
    6.42838e-10
    2.27087e-11
    6.73135e-12
    9.15037e-12
    9.50164e-12
    6.63998e-12
    1.27767e-11
    2.04175e-11
    1.98924e-11
    7.51438e-12
    3.21464e-10
    4.37265e-10
    8.00235e-12
    1.62275e-11
    5.23536e-12
    6.38018e-12
    7.94532e-12
    8.83338e-12
    1.41839e-11
    1.37322e-11
    5.22714e-12
    6.53254e-12
    2.17716e-10
    2.97301e-10
    1.05918e-11
    3.18605e-12
    4.31095e-12
    4.44776e-12
    3.12493e-12
     5.9355e-12
    9.46131e-12
    9.22014e-12
    3.48826e-12
     4.4279e-12
    1.47998e-10
    2.02135e-10
    7.14559e-12
    2.12108e-12
    2.88091e-12
    2.99066e-12
    2.09029e-12
    4.01931e-12
    6.42141e-12
    6.25594e-12
    2.36361e-12
    3.00586e-12
    1.00633e-10
    1.37448e-10
    4.85572e-12
    1.43949e-12
    1.95667e-12
    2.03174e-12
    1.41984e-12
    2.73194e-12
    4.36562e-12
    4.25334e-12
    1.60673e-12
    6.87334e-11
    9.34934e-11
    1.71104e-12
    3.46968e-12
    1.11941e-12
    1.36418e-12
    1.69883e-12
    1.88871e-12
    3.03271e-12
    2.93614e-12
    1.11764e-12
    1.39675e-12
    4.65507e-11
     6.3567e-11
    2.26467e-12
    6.81223e-13
    9.21742e-13
    9.50994e-13
    6.68154e-13
    1.26909e-12
    2.02296e-12
    1.97139e-12
    7.45839e-13
    9.46746e-13
     3.1644e-11
    4.32193e-11
    1.52782e-12
    4.53517e-13
    6.15977e-13
    6.39444e-13
    4.46934e-13
    8.59384e-13
    1.37299e-12
    1.33761e-12
    5.05372e-13
    6.42694e-13
    5.47216e-13
    5.38082e-13
    1.03822e-12
    2.54961e-13
    3.21295e-13
    3.26725e-13
    9.61078e-14
    8.63382e-14
    6.61638e-14
    5.23541e-14
      4.446e-14
    4.22127e-14
    3.64259e-14
    3.28847e-14
    2.67409e-14
    2.17966e-14
    1.64269e-14
      1.278e-14
     9.1069e-15
    7.25397e-15
    5.89014e-15
    4.41847e-15
    3.50231e-15
     2.9323e-15
    2.30402e-15
    1.86833e-15
    1.51177e-15
    1.20474e-15
    9.51555e-16
    7.45648e-16
     5.7824e-16
    4.49698e-16
    3.48472e-16
    2.72526e-16
    2.15057e-16
    1.71094e-16
    1.36139e-16
    1.09147e-16
    8.68978e-17
    6.93728e-17
    5.51402e-17
    4.37776e-17
    3.45918e-17
    2.72796e-17
    2.14755e-17
    1.69473e-17
    1.33909e-17
    1.05969e-17
    8.40404e-18
    6.67597e-18
    5.30379e-18
    4.21186e-18
    3.34008e-18
    2.64566e-18
    2.09203e-18
    1.65363e-18
    1.30601e-18
    1.03154e-18
    8.14939e-19
    6.44364e-19
    5.09836e-19
    4.03727e-19
    3.19829e-19
    2.53442e-19
    2.00796e-19
    1.59052e-19
    1.25927e-19
    9.96671e-20
    7.88575e-20
    6.23881e-20
    4.93597e-20
    3.90609e-20
    3.09178e-20
    2.44789e-20
    1.93846e-20
    1.53525e-20
    1.21592e-20
    9.62924e-21
    7.62444e-21
    6.03595e-21
     4.7776e-21
    3.78117e-21
    2.99237e-21
    2.36815e-21
    1.87424e-21
    1.48348e-21
    1.17429e-21
    9.29613e-22
    7.35946e-22
    5.82633e-22
    4.61247e-22
    3.65136e-22
    2.89037e-22
    2.28789e-22
    1.81094e-22
    1.43342e-22
    1.13461e-22
    8.98116e-23
    7.10941e-23
    5.62794e-23
    4.45529e-23
    3.52702e-23
    2.79216e-23
    2.21039e-23
    1.74979e-23
    1.38515e-23
    1.09647e-23
     8.6795e-24
    6.87051e-24
    5.43856e-24
    4.30508e-24
    3.40787e-24
    2.69767e-24
    2.13549e-24
    1.69047e-24
    1.33819e-24
    1.05932e-24
    8.38554e-25
    6.63794e-25
    5.25453e-25
    4.15942e-25
    3.29255e-25
    2.60635e-25
    2.06317e-25
     1.6332e-25
    1.29284e-25
    1.02342e-25
     8.1014e-26
     6.4131e-26
    5.07662e-26
    4.01866e-26
    3.18117e-26
     2.5182e-26
     1.9934e-26
    1.57797e-26
    1.24912e-26
    9.88798e-27
    7.82731e-27
    6.19609e-27
    4.90482e-27
    3.88266e-27
    3.07351e-27
    2.43299e-27
    1.92595e-27
    1.52458e-27
    1.20685e-27
    9.55339e-28
    7.56243e-28
     5.9864e-28
    4.73882e-28
    3.75124e-28
    2.96948e-28
    2.35063e-28
    1.86076e-28
    1.47297e-28
      1.166e-28
    9.23007e-29
     7.3065e-29
    5.78382e-29
    4.57846e-29
     3.6243e-29
    2.86899e-29
    2.27109e-29
    1.79779e-29
    1.42313e-29
    1.12654e-29
    8.91771e-30
    7.05924e-30
    5.58808e-30
    4.42352e-30
    3.50165e-30
     2.7719e-30
    2.19423e-30
    1.73695e-30
    1.37496e-30
    1.08842e-30
    8.61591e-31
    6.82034e-31
    5.39897e-31
    4.27381e-31
    3.38314e-31
    2.67809e-31
    2.11997e-31
    1.67817e-31
    1.32843e-31
    1.05159e-31
    8.32433e-32
    6.58953e-32
    5.21626e-32
    4.12918e-32
    3.26865e-32
    2.58746e-32
    2.04823e-32
    1.62137e-32
    1.28348e-32
      1.016e-32
    8.04262e-33
    6.36653e-33
    5.03973e-33
    3.98944e-33
    3.15803e-33
    2.49989e-33
    1.97891e-33
     1.5665e-33
    1.24004e-33
    9.81615e-34
    7.77044e-34
    6.15107e-34
    4.86918e-34
    3.85443e-34
    3.05116e-34
    2.41529e-34
    1.91194e-34
    1.51349e-34
    1.19808e-34
    9.48395e-35
    7.50748e-35
    5.94291e-35
    4.70439e-35
    3.72399e-35
     2.9479e-35
    2.33356e-35
    1.84724e-35
    1.46227e-35
    1.15753e-35
    9.16299e-36
    7.25341e-36
    5.74179e-36
    4.54519e-36
    3.59796e-36
    2.84814e-36
    2.25458e-36
    1.78472e-36
    1.41278e-36
    1.11836e-36
     8.8529e-37
    7.00794e-37
    5.54747e-37
    4.39137e-37
     3.4762e-37
    2.75175e-37
    2.17828e-37
    1.72433e-37
    1.36497e-37
    1.08051e-37
     8.5533e-38
    6.77078e-38
    5.35974e-38
    4.24276e-38
    3.35856e-38
    2.65863e-38
    2.10457e-38
    1.66597e-38
    1.31878e-38
    1.04394e-38
    8.26384e-39
    6.54164e-39
    5.17835e-39
    4.09918e-39
     3.2449e-39
    2.56866e-39
    2.03334e-39
    1.60959e-39
    1.27415e-39
    1.00861e-39
    7.98418e-40
    6.32026e-40
    5.00311e-40
    3.96045e-40
    3.13509e-40
    2.48173e-40
    1.96453e-40
    1.55512e-40
    1.23103e-40
    9.74482e-41
    7.71398e-41
    6.10637e-41
    4.83379e-41
    3.82642e-41
    3.02899e-41
    2.39774e-41
    1.89805e-41
    1.50249e-41
    1.18937e-41
    9.41503e-42
    7.45292e-42
    5.89972e-42
    4.67021e-42
    3.69693e-42
    2.92648e-42
     2.3166e-42
    1.83382e-42
    1.45164e-42
    1.14912e-42
    9.09641e-43
     7.2007e-43
    5.70006e-43
    4.51216e-43
    3.57182e-43
    2.82744e-43
     2.2382e-43
    1.77176e-43
    1.40252e-43
    1.11023e-43
    8.78857e-44
    6.95702e-44
    5.50716e-44
    4.35946e-44
    3.45094e-44
    2.73176e-44
    2.16246e-44
     1.7118e-44
    1.35505e-44
    1.07266e-44
    8.49115e-45
    6.72158e-45
    5.32079e-45
    4.21193e-45
    3.33415e-45
    2.63931e-45
    2.08927e-45
    1.65387e-45
     1.3092e-45
    1.03636e-45
    8.20379e-46
    6.49411e-46
    5.14072e-46
    4.06939e-46
    3.22132e-46
    2.54999e-46
    2.01857e-46
     1.5979e-46
    1.26489e-46
    1.00129e-46
    7.92616e-47
    6.27433e-47
    4.96675e-47
    3.93167e-47
     3.1123e-47
    2.46369e-47
    1.95026e-47
    1.54382e-47
    1.22208e-47
      9.674e-48
    7.65792e-48
      6.062e-48
    4.79867e-48
    3.79862e-48
    3.00698e-48
    2.38032e-48
    1.88426e-48
    1.49157e-48
    1.18073e-48
    9.34662e-49
    7.39877e-49
    5.85685e-49
    4.63627e-49
    3.67006e-49
    2.90522e-49
    2.29976e-49
    1.82049e-49
     1.4411e-49
    1.14077e-49
    9.03031e-50
    7.14838e-50
    5.65864e-50
    4.47937e-50
    3.54586e-50
     2.8069e-50
    2.22194e-50
    1.75888e-50
    1.39233e-50
    1.10216e-50
    8.72471e-51
    6.90646e-51
    5.46714e-51
    4.32778e-51
    3.42586e-51
    2.71191e-51
    2.14674e-51
    1.69936e-51
    1.34521e-51
    1.06486e-51
    8.42945e-52
    6.67273e-52
    5.28212e-52
    4.18132e-52
    3.30993e-52
    2.62013e-52
    2.07409e-52
    1.64185e-52
    1.29968e-52
    1.02883e-52
    8.14418e-53
    6.44692e-53
    5.10337e-53
    4.03982e-53
    3.19791e-53
    2.53146e-53
     2.0039e-53
