              0
              0
              0
              0
              0
              0
              0
              0
              0
      0.0113928
              0
    6.87769e-05
    1.63382e-05
    5.48522e-05
       0.011799
      0.0102016
      0.0020106
     0.00033411
      0.0178952
    0.000519338
     0.00107301
     0.00620352
     0.00706785
     0.00827123
      0.0144984
      0.0116694
    0.000468642
     0.00735183
    0.000608309
      0.0170004
    0.000555673
    0.000850357
      0.0054301
     0.00410202
    0.000467482
    0.000441069
    0.000388073
      0.0003289
    0.000363359
     0.00635429
    0.000230318
    0.000159822
     0.00015684
     0.00129802
     0.00116495
     0.00360694
    0.000135949
     0.00010848
    9.18733e-05
    7.54815e-05
    7.89392e-05
     0.00357265
    6.92027e-05
    5.67902e-05
    6.37599e-05
    7.83049e-05
     0.00177021
    0.000509633
    8.54085e-05
    7.89693e-05
    5.54578e-05
    6.35833e-05
      0.0022005
     3.8054e-05
    4.13213e-05
    3.58695e-05
      2.986e-05
    4.06213e-05
     0.00118893
    0.000167342
     5.1353e-05
     2.7451e-05
    2.84789e-05
    0.000169567
     0.00149028
     2.7905e-05
    1.61304e-05
     1.6964e-05
     1.7043e-05
    2.18247e-05
    0.000806835
    2.92838e-05
    2.64547e-05
    1.94365e-05
    1.67639e-05
    1.82531e-05
     0.00100936
    1.60756e-05
     9.9666e-06
    1.05765e-05
    1.00057e-05
    1.33023e-05
    0.000546651
     1.8512e-05
     1.5961e-05
     1.1116e-05
     9.5193e-06
    1.03932e-05
     0.00068383
    9.87556e-06
    5.79265e-06
     6.3707e-06
       6.27e-06
    8.76438e-06
    0.000371474
    1.23833e-05
    1.06773e-05
    7.40291e-06
    6.32605e-06
    6.94473e-06
    0.000464903
    6.62205e-06
    3.86706e-06
    4.27786e-06
    4.22639e-06
    0.000252218
    6.29588e-06
    8.40486e-06
    7.74417e-06
    4.53273e-06
    6.44442e-06
    0.000316675
    3.05459e-06
    4.50093e-06
    3.52632e-06
    2.87419e-06
     4.5266e-06
    0.000171817
    5.77183e-06
    4.97409e-06
    3.46138e-06
    2.95414e-06
    3.25249e-06
    0.000214994
    3.08735e-06
    1.81136e-06
    2.00234e-06
    1.96886e-06
    2.75033e-06
    0.000116803
    3.89315e-06
    3.35569e-06
    2.32681e-06
    1.98787e-06
    2.18303e-06
     0.00014618
    2.08175e-06
    1.21564e-06
    1.34488e-06
    1.32878e-06
    1.86493e-06
      7.942e-05
    2.64268e-06
    2.27892e-06
    1.57959e-06
       1.35e-06
    1.48277e-06
     9.9401e-05
    1.41451e-06
    8.25745e-07
     9.1381e-07
    9.02995e-07
    5.39272e-05
    1.34574e-06
    1.79676e-06
    1.65556e-06
    9.68958e-07
    1.37774e-06
    6.77093e-05
    6.53009e-07
    9.62278e-07
    7.53909e-07
     6.1449e-07
    9.67808e-07
    3.67368e-05
    1.23407e-06
    1.06351e-06
    7.40074e-07
    6.31624e-07
    6.95417e-07
    4.59686e-05
    6.60112e-07
    3.87289e-07
    4.28125e-07
    4.20967e-07
    5.88055e-07
     2.4974e-05
    8.32407e-07
    7.17493e-07
    4.97503e-07
    4.25033e-07
     4.6676e-07
    3.12553e-05
    4.45107e-07
    2.59921e-07
    2.87554e-07
     2.8411e-07
    3.98747e-07
    1.69811e-05
     5.6504e-07
    4.87265e-07
    3.37738e-07
    2.88648e-07
    3.17037e-07
    2.12533e-05
    3.02442e-07
    1.76556e-07
    1.95385e-07
    1.93073e-07
    1.15304e-05
    2.87738e-07
    3.84171e-07
    3.53981e-07
    2.07177e-07
    2.94581e-07
    1.44772e-05
    1.39622e-07
    2.05748e-07
    1.61196e-07
    1.31386e-07
    2.06931e-07
    7.85483e-06
    2.63861e-07
    2.27393e-07
    1.58238e-07
     1.3505e-07
     1.4869e-07
    9.82873e-06
    1.41141e-07
    8.28077e-08
    9.15389e-08
    9.00085e-08
    1.25734e-07
    5.33978e-06
     1.7798e-07
     1.5341e-07
    1.06373e-07
    9.08779e-08
    9.97998e-08
    6.68281e-06
    9.51701e-08
    5.55748e-08
    6.14829e-08
    6.07467e-08
    8.52576e-08
    3.63079e-06
    1.20813e-07
    1.04184e-07
     7.2213e-08
     6.1717e-08
    6.77869e-08
    4.54425e-06
    6.46663e-08
      3.775e-08
     4.1776e-08
    4.12816e-08
    2.46535e-06
    6.15222e-08
    8.21411e-08
    7.56861e-08
    4.42972e-08
    6.29854e-08
    3.09542e-06
    2.98532e-08
    4.39918e-08
    3.44659e-08
    2.80922e-08
    4.42446e-08
    1.67947e-06
    5.64172e-08
    4.86198e-08
    3.38335e-08
    2.88755e-08
    3.17919e-08
    2.10152e-06
    3.01779e-08
    1.77054e-08
    1.95723e-08
     1.9245e-08
    2.68837e-08
    1.14172e-06
    3.80546e-08
    3.28011e-08
     2.2744e-08
    1.94309e-08
    2.13386e-08
    1.42888e-06
    2.03487e-08
    1.18826e-08
    1.31459e-08
    1.29885e-08
    1.82293e-08
    7.76313e-07
    2.58316e-08
     2.2276e-08
    1.54401e-08
    1.31959e-08
    1.44938e-08
    9.71623e-07
    1.38265e-08
    8.07147e-09
    8.93229e-09
    8.82658e-09
    1.23916e-08
     5.2789e-07
    1.75629e-08
    1.51457e-08
    1.04978e-08
    8.97204e-09
     9.8548e-09
    6.60703e-07
    9.40143e-09
    5.48811e-09
    6.07356e-09
    6.00176e-09
    3.58446e-07
    8.94473e-09
    1.19426e-08
    1.10041e-08
    6.44042e-09
    9.15758e-09
    4.50054e-07
     4.3404e-09
    6.39608e-09
    5.01109e-09
     4.0844e-09
    6.43286e-09
    2.44184e-07
    8.20267e-09
    7.06898e-09
    4.91915e-09
     4.1983e-09
    4.62233e-09
    3.05547e-07
    4.38766e-09
    2.57425e-09
    2.84568e-09
     2.7981e-09
    3.90871e-09
    1.65998e-07
    5.53288e-09
    4.76906e-09
    3.30683e-09
    2.82513e-09
    3.10249e-09
    2.07749e-07
    2.95856e-09
    1.72766e-09
    1.91133e-09
    1.88844e-09
    2.65041e-09
    1.12871e-07
    3.75574e-09
    3.23878e-09
    2.24489e-09
     1.9186e-09
     2.1073e-09
    1.41268e-07
    2.01029e-09
    1.17354e-09
     1.2987e-09
    1.28333e-09
    7.66407e-08
    1.91255e-09
    2.55353e-09
    2.35286e-09
    1.37707e-09
    1.95803e-09
    9.62277e-08
    9.28048e-10
    1.36758e-09
    1.07145e-09
    8.73305e-10
    1.37544e-09
    5.22098e-08
    1.75385e-09
    1.51145e-09
    1.05178e-09
    8.97657e-10
    9.88318e-10
    6.53301e-08
    9.38144e-10
     5.5041e-10
    6.08446e-10
    5.98273e-10
    8.35737e-10
    3.54927e-08
    1.18301e-09
    1.01969e-09
    7.07046e-10
    6.04052e-10
    6.63354e-10
    4.44196e-08
    6.32581e-10
    3.69397e-10
    4.08668e-10
    4.03774e-10
    5.66695e-10
    2.41333e-08
    8.03029e-10
    6.92495e-10
    4.79989e-10
    4.10223e-10
    4.50569e-10
    3.02049e-08
    4.29827e-10
    2.50919e-10
    2.77679e-10
    2.74393e-10
    1.63868e-08
    4.08929e-10
    5.45979e-10
    5.03074e-10
    2.94437e-10
    4.18654e-10
    2.05748e-08
    1.98429e-10
    2.92407e-10
     2.2909e-10
    1.86725e-10
    2.94087e-10
    1.11632e-08
    3.74996e-10
    3.23168e-10
    2.24886e-10
    1.91931e-10
    2.11316e-10
    1.39685e-08
    2.00588e-10
    1.17685e-10
    1.30094e-10
    1.27919e-10
    1.78692e-10
    7.58884e-09
    2.52943e-10
    2.18024e-10
    1.51176e-10
    1.29155e-10
    1.41834e-10
    9.49752e-09
    1.35255e-10
    7.89822e-11
    8.73788e-11
    8.63325e-11
    1.21167e-10
    5.16004e-09
    1.71699e-10
    1.48065e-10
    1.02628e-10
    8.77114e-11
    9.63379e-11
    6.45823e-09
    9.19029e-11
    5.36499e-11
    5.93716e-11
    5.86689e-11
    3.50373e-09
    8.74347e-11
    1.16738e-10
    1.07564e-10
    6.29547e-11
    8.95141e-11
    4.39917e-09
    4.24269e-11
    6.25207e-11
    4.89826e-11
    3.99243e-11
    6.28799e-11
    2.38684e-09
    8.01794e-11
    6.90978e-11
    4.80837e-11
    4.10376e-11
    4.51823e-11
    2.98665e-09
    4.28885e-11
    2.51627e-11
    2.78159e-11
    2.73508e-11
    3.82068e-11
     1.6226e-09
    5.40827e-11
    4.66166e-11
    3.23235e-11
     2.7615e-11
    3.03261e-11
     2.0307e-09
    2.89193e-11
    1.68875e-11
    1.86828e-11
    1.84591e-11
    2.59072e-11
    1.10329e-09
    3.67115e-11
    3.16583e-11
    2.19433e-11
    1.87539e-11
    2.05984e-11
    1.38086e-09
    1.96501e-11
    1.14711e-11
    1.26945e-11
    1.25442e-11
    1.76108e-11
     7.5023e-10
    2.49602e-11
    2.15248e-11
    1.49193e-11
     1.2751e-11
    1.40055e-11
    9.38983e-10
    1.33612e-11
    7.79963e-12
    8.63168e-12
    8.52963e-12
    5.09419e-10
    1.27121e-11
    1.69727e-11
    1.56389e-11
    9.15305e-12
    1.30146e-11
    6.39611e-10
    6.16853e-12
    9.09004e-12
     7.1217e-12
    5.80469e-12
     9.1423e-12
    3.47031e-10
    1.16575e-11
    1.00463e-11
    6.99104e-12
    5.96658e-12
    6.56919e-12
    4.34239e-10
     6.2357e-12
    3.65849e-12
    4.04424e-12
    3.97663e-12
    5.55501e-12
    2.35915e-10
    7.86327e-12
    6.77774e-12
    4.69963e-12
    4.01504e-12
    4.40922e-12
     2.9525e-10
    4.20467e-12
    2.45533e-12
    2.71635e-12
    2.68383e-12
    3.76673e-12
    1.60411e-10
    5.33761e-12
    4.60291e-12
    3.19042e-12
    2.72669e-12
    2.99487e-12
    2.00768e-10
      2.857e-12
    1.66782e-12
    1.84569e-12
    1.82385e-12
    1.08921e-10
    2.71809e-12
    3.62904e-12
    3.34386e-12
    1.95708e-12
    2.78273e-12
    1.36758e-10
    1.31893e-12
    1.94359e-12
    1.52273e-12
    1.24113e-12
    1.95475e-12
       7.42e-11
    2.49254e-12
    2.14805e-12
    1.49478e-12
    1.27574e-12
    1.40459e-12
    9.28463e-11
    1.33328e-12
    7.82236e-13
    8.64716e-13
    8.50258e-13
    1.18774e-12
    5.04419e-11
    1.68127e-12
    1.44917e-12
    1.00485e-12
    8.58471e-13
    9.42751e-13
    6.31286e-11
    8.99017e-13
    5.24983e-13
    5.80794e-13
    5.73839e-13
    8.05379e-13
    8.54872e-13
    1.14125e-12
    9.84165e-13
    6.14775e-13
    5.82313e-13
    3.47598e-13
    2.73474e-13
    4.69576e-13
    2.15013e-13
    1.30821e-13
    1.30508e-13
     6.3317e-14
    5.49252e-14
    4.71161e-14
    4.08351e-14
    3.46171e-14
    2.98682e-14
    2.36077e-14
    2.00069e-14
    1.61394e-14
    1.26449e-14
    9.08248e-15
    6.89391e-15
    5.69632e-15
    4.43867e-15
    3.42331e-15
    2.76923e-15
    2.19147e-15
     1.8025e-15
     1.4343e-15
    1.15034e-15
    9.14298e-16
    7.19757e-16
    5.65423e-16
    4.40835e-16
    3.44388e-16
    2.69495e-16
      2.118e-16
    1.67249e-16
    1.32811e-16
     1.0591e-16
    8.42498e-17
    6.72459e-17
    5.33519e-17
    4.23391e-17
     3.3498e-17
    2.64495e-17
    2.08741e-17
    1.64778e-17
    1.30174e-17
    1.02988e-17
    8.15529e-18
     6.4689e-18
    5.13374e-18
    4.07626e-18
     3.2339e-18
    2.56335e-18
    2.02892e-18
    1.60477e-18
    1.26812e-18
     1.0022e-18
    7.92032e-19
    6.26276e-19
    4.95451e-19
    3.92196e-19
    3.10584e-19
    2.46022e-19
    1.94892e-19
    1.54373e-19
    1.22244e-19
     9.6769e-20
    7.65792e-20
    6.05913e-20
     4.7939e-20
    3.79334e-20
    3.00213e-20
     2.3765e-20
    1.88158e-20
    1.48995e-20
    1.17989e-20
    9.34351e-21
    7.39841e-21
    5.85754e-21
    4.63692e-21
    3.67024e-21
    2.90486e-21
    2.29904e-21
    1.81959e-21
    1.44022e-21
    1.14001e-21
    9.02447e-22
    7.14417e-22
    5.65577e-22
    4.47743e-22
    3.54451e-22
    2.80586e-22
    2.22106e-22
    1.75809e-22
    1.39161e-22
    1.10152e-22
    8.71914e-23
    6.90186e-23
     5.4635e-23
    4.32501e-23
    3.42381e-23
    2.71041e-23
    2.14565e-23
    1.69855e-23
    1.34459e-23
    1.06438e-23
    8.42553e-24
    6.66952e-24
    5.27949e-24
    4.17917e-24
     3.3082e-24
    2.61876e-24
    2.07302e-24
    1.64101e-24
    1.29904e-24
    1.02832e-24
    8.14024e-25
    6.44379e-25
    5.10087e-25
     4.0378e-25
    3.19629e-25
    2.53015e-25
    2.00285e-25
    1.58545e-25
    1.25503e-25
    9.93486e-26
    7.86445e-26
    6.22552e-26
    4.92813e-26
    3.90111e-26
    3.08812e-26
    2.44455e-26
     1.9351e-26
    1.53182e-26
    1.21258e-26
    9.59877e-27
    7.59837e-27
    6.01486e-27
    4.76136e-27
    3.76909e-27
    2.98361e-27
    2.36182e-27
    1.86962e-27
    1.47998e-27
    1.17155e-27
    9.27398e-28
    7.34125e-28
    5.81132e-28
    4.60022e-28
    3.64153e-28
    2.88263e-28
    2.28188e-28
    1.80633e-28
    1.42989e-28
     1.1319e-28
    8.96011e-29
    7.09281e-29
    5.61465e-29
    4.44455e-29
     3.5183e-29
    2.78508e-29
    2.20466e-29
    1.74521e-29
     1.3815e-29
    1.09359e-29
    8.65688e-30
    6.85277e-30
    5.42464e-30
    4.29414e-30
    3.39923e-30
    2.69083e-30
    2.13005e-30
    1.68615e-30
    1.33475e-30
    1.05659e-30
    8.36391e-31
    6.62086e-31
    5.24106e-31
    4.14881e-31
    3.28419e-31
    2.59976e-31
    2.05797e-31
    1.62908e-31
    1.28958e-31
    1.02083e-31
    8.08086e-32
     6.3968e-32
    5.06369e-32
    4.00841e-32
    3.17305e-32
    2.51178e-32
    1.98832e-32
    1.57395e-32
    1.24594e-32
    9.86282e-33
    7.80739e-33
    6.18032e-33
    4.89233e-33
    3.87276e-33
    3.06567e-33
    2.42678e-33
    1.92103e-33
    1.52069e-33
    1.20377e-33
    9.52905e-34
    7.54318e-34
    5.97116e-34
    4.72676e-34
     3.7417e-34
    2.96192e-34
    2.34465e-34
    1.85602e-34
    1.46922e-34
    1.16303e-34
    9.20656e-35
     7.2879e-35
    5.76909e-35
     4.5668e-35
    3.61507e-35
    2.86168e-35
     2.2653e-35
    1.79321e-35
     1.4195e-35
    1.12368e-35
      8.895e-36
    7.04126e-36
    5.57385e-36
    4.41225e-36
    3.49273e-36
    2.76484e-36
    2.18864e-36
    1.73253e-36
    1.37146e-36
    1.08565e-36
    8.59397e-37
    6.80297e-37
    5.38522e-37
    4.26293e-37
    3.37453e-37
    2.67127e-37
    2.11457e-37
    1.67389e-37
    1.32505e-37
    1.04891e-37
    8.30314e-38
    6.57275e-38
    5.20298e-38
    4.11867e-38
    3.26033e-38
    2.58087e-38
    2.04301e-38
    1.61725e-38
    1.28021e-38
    1.01341e-38
    8.02214e-39
    6.35031e-39
     5.0269e-39
    3.97928e-39
    3.14999e-39
    2.49353e-39
    1.97387e-39
    1.56251e-39
    1.23688e-39
    9.79115e-40
    7.75066e-40
    6.13541e-40
    4.85678e-40
    3.84462e-40
    3.04339e-40
    2.40914e-40
    1.90707e-40
    1.50964e-40
    1.19503e-40
     9.4598e-41
    7.48836e-41
    5.92777e-41
    4.69242e-41
    3.71451e-41
     2.9404e-41
    2.32761e-41
    1.84253e-41
    1.45855e-41
    1.15458e-41
    9.13966e-42
    7.23494e-42
    5.72717e-42
    4.53361e-42
     3.5888e-42
    2.84089e-42
    2.24884e-42
    1.78018e-42
    1.40919e-42
    1.11551e-42
    8.83036e-43
     6.9901e-43
    5.53335e-43
    4.38019e-43
    3.46735e-43
    2.74475e-43
    2.17274e-43
    1.71994e-43
     1.3615e-43
    1.07776e-43
    8.53152e-44
    6.75354e-44
    5.34609e-44
    4.23195e-44
    3.35001e-44
    2.65186e-44
    2.09921e-44
    1.66173e-44
    1.31542e-44
    1.04129e-44
     8.2428e-45
    6.52499e-45
    5.16517e-45
    4.08874e-45
    3.23664e-45
    2.56212e-45
    2.02817e-45
    1.60549e-45
    1.27091e-45
    1.00605e-45
    7.96385e-46
    6.30417e-46
    4.99037e-46
    3.95037e-46
     3.1271e-46
    2.47541e-46
    1.95953e-46
    1.55116e-46
     1.2279e-46
       9.72e-47
    7.69434e-47
    6.09082e-47
    4.82149e-47
    3.81668e-47
    3.02128e-47
    2.39164e-47
    1.89322e-47
    1.49867e-47
    1.18634e-47
    9.39106e-48
    7.43395e-48
     5.8847e-48
    4.65832e-48
    3.68752e-48
    2.91903e-48
     2.3107e-48
    1.82915e-48
    1.44795e-48
    1.14619e-48
    9.07325e-49
    7.18237e-49
    5.68555e-49
    4.50067e-49
    3.56272e-49
    2.82025e-49
     2.2325e-49
    1.76724e-49
    1.39895e-49
     1.1074e-49
    8.76619e-50
     6.9393e-50
    5.49314e-50
    4.34836e-50
    3.44215e-50
     2.7248e-50
    2.15695e-50
    1.70744e-50
     1.3516e-50
    1.06993e-50
    8.46953e-51
    6.70446e-51
    5.30724e-51
     4.2012e-51
    3.32566e-51
    2.63259e-51
    2.08395e-51
    1.64965e-51
    1.30586e-51
    1.03372e-51
     8.1829e-52
    6.47757e-52
    5.12763e-52
    4.05903e-52
    3.21312e-52
     2.5435e-52
    2.01343e-52
    1.59383e-52
    1.26167e-52
    9.98736e-53
    7.90598e-53
    6.25836e-53
    4.95411e-53
    3.92166e-53
    3.10438e-53
    2.45742e-53
