              0
              0
              0
              0
              0
              0
              0
              0
              0
              0
     0.00489034
              0
     0.00423307
    7.63628e-05
    8.89804e-05
      0.0196154
      0.0136852
    9.50036e-05
    0.000360817
      0.0035138
     0.00750742
    0.000621908
     0.00399518
      0.0064302
      0.0878101
    0.000388737
     0.00192773
     0.00629597
    0.000646218
     0.00102169
      0.0137844
    0.000501055
    0.000617709
    0.000543443
     0.00262677
    0.000343073
    0.000453308
     0.00055475
    0.000317635
     0.00431801
    0.000293327
     0.00136465
    0.000173952
    0.000840378
    0.000890591
    0.000160168
     0.00163564
    8.90873e-05
    6.90118e-05
    4.61186e-05
    5.14532e-05
     0.00279333
    0.000117292
     4.3065e-05
    0.000617461
    7.44582e-05
    8.88229e-05
     0.00116163
     7.5274e-05
    6.15851e-05
    4.78347e-05
    2.74856e-05
     0.00194539
    2.92651e-05
    6.77483e-05
    2.96138e-05
    2.90171e-05
    4.46537e-05
    5.19116e-05
    0.000751862
     4.3637e-05
     0.00036312
    2.13383e-05
    2.26095e-05
     0.00128651
    4.60939e-05
    1.34325e-05
    1.40578e-05
    1.55334e-05
    2.64404e-05
    3.31031e-05
    0.000505161
    2.00173e-05
    1.88871e-05
    9.36564e-06
    1.29349e-05
    0.000873267
    3.13736e-05
    8.19716e-06
    8.53714e-06
      9.481e-06
    1.66733e-05
    2.12175e-05
    0.000341726
    1.22447e-05
    9.17021e-06
     4.4067e-06
    6.61989e-06
    0.000592804
    1.96919e-05
    4.76576e-06
    5.04534e-06
    6.13364e-06
    1.10898e-05
    1.41962e-05
    0.000232178
     8.1323e-06
    6.08948e-06
    2.85276e-06
    4.34958e-06
    0.000402955
    1.32737e-05
    3.16217e-06
    3.36029e-06
      4.123e-06
    7.51001e-06
    0.000161658
    5.83764e-06
     5.5168e-06
    4.13024e-06
    1.93116e-06
    0.000275479
    2.50878e-06
    8.53827e-06
    2.90782e-06
    3.15926e-06
    5.17673e-06
    6.67273e-06
    0.000107417
    3.78798e-06
    2.86325e-06
    1.34458e-06
    2.03934e-06
    0.000186343
    6.16891e-06
    1.47995e-06
    1.58937e-06
    1.92078e-06
    3.48049e-06
    4.46345e-06
    7.30052e-05
     2.5555e-06
    1.91378e-06
    8.95978e-07
    1.36688e-06
    0.000126702
    4.17315e-06
    9.94022e-07
    1.05638e-06
     1.2963e-06
    2.36128e-06
    3.02829e-06
    4.96375e-05
    1.73459e-06
    1.29861e-06
    6.07157e-07
    9.27712e-07
    8.61555e-05
    2.83661e-06
    6.74929e-07
    7.17543e-07
     8.8083e-07
    1.60518e-06
    3.45642e-05
    1.24782e-06
     1.1793e-06
    8.82882e-07
    4.12733e-07
    5.89011e-05
    5.36297e-07
    1.82551e-06
    6.21658e-07
    6.75435e-07
    1.10681e-06
    1.42668e-06
    2.29673e-05
    8.09899e-07
    6.12185e-07
    2.87475e-07
    4.36027e-07
    3.98427e-05
    1.31899e-06
    3.16428e-07
    3.39825e-07
    4.10686e-07
    7.44173e-07
    9.54344e-07
    1.56095e-05
      5.464e-07
    4.09191e-07
    1.91572e-07
    2.92257e-07
    2.70905e-05
    8.92276e-07
    2.12535e-07
    2.25868e-07
    2.77166e-07
    5.04873e-07
     6.4749e-07
    1.06132e-05
    3.70878e-07
    2.77661e-07
    1.29818e-07
    1.98358e-07
    1.84212e-05
    6.06505e-07
    1.44309e-07
    1.53421e-07
    1.88334e-07
    3.43209e-07
    7.39031e-06
    2.66802e-07
     2.5215e-07
    1.88772e-07
     8.8248e-08
    1.25939e-05
    1.14668e-07
    3.90318e-07
    1.32919e-07
    1.44417e-07
    2.36651e-07
    3.05045e-07
    4.91072e-06
    1.73168e-07
    1.30894e-07
    6.14661e-08
    9.32287e-08
    8.51892e-06
    2.82018e-07
    6.76566e-08
    7.26594e-08
    8.78103e-08
    1.59115e-07
    2.04052e-07
    3.33753e-06
    1.16828e-07
    8.74906e-08
    4.09607e-08
    6.24887e-08
    5.79233e-06
    1.90781e-07
     4.5443e-08
    4.82937e-08
    5.92618e-08
    1.07949e-07
    1.38442e-07
    2.26924e-06
    7.92989e-08
    5.93678e-08
     2.7757e-08
    4.24116e-08
    3.93871e-06
    1.29679e-07
    3.08553e-08
    3.28034e-08
    4.02683e-08
    7.33827e-08
    1.58015e-06
    5.70459e-08
    5.39131e-08
    4.03621e-08
    1.88686e-08
    2.69274e-06
    2.45175e-08
    8.34554e-08
    2.84199e-08
    3.08784e-08
    5.05993e-08
    6.52228e-08
    1.04998e-06
    3.70256e-08
    2.79869e-08
    1.31423e-08
    1.99336e-08
    1.82146e-06
    6.02994e-08
    1.44659e-08
    1.55356e-08
     1.8775e-08
    3.40209e-08
    4.36291e-08
    7.13609e-07
    2.49794e-08
    1.87067e-08
    8.75795e-09
    1.33609e-08
    1.23848e-06
    4.07916e-08
    9.71633e-09
    1.03259e-08
     1.2671e-08
     2.3081e-08
    2.96009e-08
    4.85195e-07
    1.69552e-08
    1.26937e-08
    5.93482e-09
    9.06818e-09
    8.42151e-07
    2.77272e-08
    6.59728e-09
    7.01383e-09
    8.60992e-09
    1.56902e-08
    2.01248e-08
     3.2993e-07
    1.15274e-08
    8.62998e-09
    4.03438e-09
    6.16531e-09
    5.72662e-07
    1.88538e-08
    4.48561e-09
    4.76897e-09
     5.8544e-09
    1.06691e-08
    2.29743e-07
    8.29392e-09
    7.83847e-09
    5.86828e-09
    2.74329e-09
    3.91507e-07
    3.56463e-09
    1.21338e-08
    4.13204e-09
    4.48949e-09
    7.35678e-09
    9.48294e-09
     1.5266e-07
    5.38327e-09
     4.0691e-09
     1.9108e-09
     2.8982e-09
    2.64828e-07
    8.76713e-09
    2.10325e-09
    2.25877e-09
    2.72977e-09
    4.94641e-09
    6.34338e-09
    1.03754e-07
    3.63184e-09
    2.71983e-09
    1.27335e-09
    1.94259e-09
    1.80067e-07
    5.93082e-09
    1.41269e-09
    1.50131e-09
    1.84228e-09
    3.35582e-09
    4.30377e-09
    7.05442e-08
    2.46517e-09
    1.84557e-09
    8.62884e-10
    1.31845e-09
    1.22443e-07
    4.03135e-09
    9.59201e-10
    1.01976e-09
    1.25182e-09
    2.28126e-09
    4.91222e-08
    1.77339e-09
      1.676e-09
    1.25474e-09
    5.86571e-10
    8.37096e-08
    7.62178e-10
    2.59439e-09
    8.83493e-10
     9.5992e-10
    1.57298e-09
    2.02759e-09
    3.26408e-08
    1.15102e-09
     8.7003e-10
    4.08556e-10
    6.19677e-10
     5.6624e-08
    1.87453e-09
    4.49703e-10
    4.82956e-10
    5.83662e-10
    1.05761e-09
     1.3563e-09
     2.2184e-08
    7.76537e-10
    5.81537e-10
    2.72259e-10
    4.15353e-10
    3.85008e-08
    1.26809e-09
    3.02052e-10
    3.21001e-10
    3.93904e-10
     7.1752e-10
    9.20205e-10
    1.50833e-08
    5.27088e-10
    3.94609e-10
    1.84496e-10
    2.81903e-10
      2.618e-08
    8.61958e-10
     2.0509e-10
    2.18039e-10
    2.67657e-10
    4.87764e-10
     1.0503e-08
    3.79175e-10
    3.58352e-10
    2.68281e-10
    1.25417e-10
    1.78983e-08
    1.62964e-10
    5.54716e-10
    1.88903e-10
    2.05244e-10
    3.36326e-10
    4.33526e-10
    6.97905e-09
    2.46104e-10
    1.86024e-10
    8.73549e-11
    1.32495e-10
     1.2107e-08
    4.00801e-10
    9.61528e-11
    1.03263e-10
    1.24795e-10
    2.26132e-10
    2.89996e-10
    4.74325e-09
    1.66034e-10
    1.24341e-10
    5.82128e-11
    8.88081e-11
    8.23199e-09
    2.71135e-10
     6.4583e-11
    6.86344e-11
    8.42222e-11
    1.53416e-10
    1.96753e-10
    3.22502e-09
    1.12699e-10
    8.43728e-11
    3.94479e-11
    6.02748e-11
    5.59765e-09
    1.84298e-10
    4.38511e-11
    4.66198e-11
    5.72288e-11
    1.04291e-10
    2.24569e-09
    8.10729e-11
    7.66206e-11
    5.73622e-11
    2.68159e-11
    3.82689e-09
     3.4844e-11
    1.18606e-10
    4.03901e-11
     4.3884e-11
    7.19111e-11
    9.26938e-11
    1.49222e-09
    5.26203e-11
    3.97746e-11
    1.86777e-11
    2.83294e-11
    2.58864e-09
    8.56968e-11
    2.05588e-11
     2.2079e-11
    2.66829e-11
    4.83501e-11
    6.20052e-11
    1.01417e-09
    3.55004e-11
    2.65857e-11
    1.24467e-11
    1.89884e-11
    1.76011e-09
    5.79725e-11
    1.38087e-11
     1.4675e-11
    1.80079e-11
    3.28024e-11
    4.20684e-11
    6.89554e-10
    2.40965e-11
    1.80401e-11
     8.4345e-12
    1.28876e-11
    1.19686e-09
    3.94056e-11
    9.37598e-12
    9.96796e-12
    1.22363e-11
    2.22988e-11
    2.86011e-11
    4.68892e-10
    1.63825e-11
    1.22648e-11
    5.73361e-12
    8.76206e-12
     8.1386e-10
    2.67948e-11
     6.3749e-12
     6.7776e-12
     8.3202e-12
    1.51628e-11
    3.26508e-10
    1.17872e-11
    1.11399e-11
    8.33993e-12
    3.89874e-12
    5.56405e-10
    5.06601e-12
    1.72444e-11
     5.8724e-12
    6.38041e-12
    1.04554e-11
     1.3477e-11
    2.16958e-10
    7.65063e-12
    5.78295e-12
     2.7156e-12
    4.11889e-12
    3.76371e-10
    1.24597e-11
    2.98911e-12
    3.21013e-12
    3.87951e-12
    7.02978e-12
    9.01514e-12
    1.47454e-10
    5.16153e-12
    3.86539e-12
    1.80967e-12
    2.76079e-12
    2.55909e-10
    8.42881e-12
     2.0077e-12
    2.13364e-12
    2.61822e-12
    4.76925e-12
    6.11647e-12
    1.00257e-10
    3.50347e-12
    2.62291e-12
    1.22632e-12
    1.87377e-12
    1.74015e-10
    5.72931e-12
     1.3632e-12
    1.44928e-12
    1.77908e-12
    3.24209e-12
    6.98119e-11
    2.52032e-12
    2.38191e-12
    1.78322e-12
    8.33628e-13
    1.18967e-10
     1.0832e-12
    3.68711e-12
    1.25561e-12
    1.36423e-12
    2.23551e-12
    2.88158e-12
    4.63887e-11
    1.63581e-12
    1.23648e-12
    5.80635e-13
    8.80677e-13
    8.04733e-11
    2.66406e-12
    6.39113e-13
    6.86371e-13
    8.29493e-13
    1.50306e-12
    1.92756e-12
    3.15277e-11
    1.10361e-12
    8.26473e-13
    3.86932e-13
    5.90294e-13
    5.47168e-11
     1.8022e-12
    4.29273e-13
    4.56203e-13
    5.59812e-13
    1.01973e-12
    1.30778e-12
     7.9265e-13
    7.49091e-13
    5.60813e-13
    2.62204e-13
    4.00638e-13
    2.00271e-13
    1.08463e-12
    2.16712e-13
    1.31748e-13
    8.31548e-14
    7.34216e-14
    5.64684e-14
    4.68678e-14
    4.17902e-14
    3.42716e-14
    2.99359e-14
    2.54045e-14
    2.25777e-14
    1.78807e-14
    1.50977e-14
    9.97437e-15
    7.80426e-15
    6.55838e-15
    5.06669e-15
    3.76753e-15
    3.06631e-15
    2.46043e-15
    1.99667e-15
    1.60926e-15
    1.26802e-15
    1.01971e-15
    8.01312e-16
     6.2848e-16
    4.87139e-16
    3.79602e-16
    2.95082e-16
    2.32843e-16
     1.8392e-16
    1.45657e-16
    1.16298e-16
    9.26317e-17
    7.39512e-17
    5.88822e-17
    4.68431e-17
    3.70821e-17
    2.92789e-17
    2.30847e-17
    1.82022e-17
     1.4366e-17
     1.1368e-17
    9.00936e-18
    7.15143e-18
    5.68092e-18
    4.51316e-18
    3.58165e-18
    2.83978e-18
    2.24827e-18
    1.77807e-18
    1.40451e-18
    1.10901e-18
    8.75725e-19
    6.91971e-19
     5.4723e-19
    4.33127e-19
     3.4301e-19
    2.71751e-19
    2.15323e-19
    1.70588e-19
    1.35105e-19
    1.06959e-19
    8.46436e-20
    6.69692e-20
    5.29808e-20
    4.19192e-20
    3.31741e-20
    2.62609e-20
    2.07936e-20
    1.64676e-20
    1.30427e-20
    1.03299e-20
    8.18035e-21
    6.47705e-21
    5.12742e-21
    4.05837e-21
    3.21185e-21
    2.54181e-21
    2.01159e-21
    1.59208e-21
    1.26017e-21
    9.97543e-22
    7.89699e-22
    6.25182e-22
    4.94938e-22
    3.91817e-22
    3.10167e-22
     2.4552e-22
     1.9434e-22
    1.53826e-22
    1.21757e-22
    9.63764e-23
    7.62887e-23
    6.03901e-23
    4.78064e-23
    3.78457e-23
    2.99606e-23
    2.37183e-23
    1.87763e-23
    1.48637e-23
    1.17662e-23
      9.314e-24
    7.37279e-24
    5.83615e-24
    4.61979e-24
    3.65697e-24
    2.89484e-24
    2.29156e-24
    1.81401e-24
    1.43599e-24
    1.13674e-24
    8.99842e-25
    7.12313e-25
    5.63861e-25
    4.46346e-25
    3.53322e-25
    2.79685e-25
    2.21396e-25
    1.75256e-25
    1.38732e-25
    1.09821e-25
    8.69343e-26
    6.88175e-26
    5.44762e-26
    4.31235e-26
    3.41366e-26
    2.70225e-26
    2.13909e-26
     1.6933e-26
    1.34041e-26
    1.06106e-26
    8.39937e-27
    6.64893e-27
    5.26329e-27
    4.16642e-27
    3.29814e-27
     2.6108e-27
    2.06671e-27
      1.636e-27
    1.29505e-27
    1.02516e-27
    8.11515e-28
    6.42392e-28
    5.08516e-28
     4.0254e-28
     3.1865e-28
    2.52243e-28
    1.99675e-28
    1.58063e-28
    1.25122e-28
    9.90465e-29
     7.8405e-29
    6.20653e-29
    4.91307e-29
    3.88918e-29
    3.07867e-29
    2.43707e-29
    1.92918e-29
    1.52713e-29
    1.20888e-29
    9.56946e-30
    7.57517e-30
    5.99649e-30
    4.74681e-30
    3.75757e-30
    2.97448e-30
     2.3546e-30
    1.86389e-30
    1.47545e-30
    1.16797e-30
    9.24561e-31
    7.31881e-31
    5.79355e-31
    4.58617e-31
     3.6304e-31
    2.87382e-31
    2.27491e-31
    1.80082e-31
    1.42552e-31
    1.12844e-31
    8.93272e-32
    7.07112e-32
    5.59749e-32
    4.43096e-32
    3.50754e-32
    2.77656e-32
    2.19792e-32
    1.73987e-32
    1.37728e-32
    1.09025e-32
    8.63042e-33
    6.83182e-33
    5.40806e-33
    4.28101e-33
    3.38884e-33
     2.6826e-33
    2.12354e-33
    1.68099e-33
    1.33067e-33
    1.05336e-33
    8.33835e-34
    6.60062e-34
    5.22504e-34
    4.13613e-34
    3.27416e-34
    2.59182e-34
    2.05168e-34
     1.6241e-34
    1.28564e-34
    1.01771e-34
    8.05616e-35
    6.37724e-35
    5.04822e-35
    3.99616e-35
    3.16335e-35
     2.5041e-35
    1.98224e-35
    1.56914e-35
    1.24213e-35
    9.83267e-36
    7.78353e-36
    6.16143e-36
    4.87737e-36
    3.86092e-36
     3.0563e-36
    2.41936e-36
    1.91516e-36
    1.51604e-36
    1.20009e-36
    9.49992e-37
    7.52012e-37
    5.95291e-37
    4.71231e-37
    3.73026e-37
    2.95287e-37
    2.33748e-37
    1.85035e-37
    1.46473e-37
    1.15948e-37
    9.17842e-38
    7.26562e-38
    5.75145e-38
    4.55284e-38
    3.60402e-38
    2.85294e-38
    2.25838e-38
    1.78773e-38
    1.41516e-38
    1.12024e-38
    8.86781e-39
    7.01974e-39
    5.55681e-39
    4.39876e-39
    3.48205e-39
    2.75639e-39
    2.18195e-39
    1.72723e-39
    1.36727e-39
    1.08233e-39
     8.5677e-40
    6.78218e-40
    5.36876e-40
     4.2499e-40
    3.36421e-40
    2.66311e-40
    2.10811e-40
    1.66878e-40
      1.321e-40
     1.0457e-40
    8.27776e-41
    6.55266e-41
    5.18707e-41
    4.10608e-41
    3.25036e-41
    2.57298e-41
    2.03677e-41
     1.6123e-41
     1.2763e-41
    1.01031e-41
    7.99762e-42
     6.3309e-42
    5.01153e-42
    3.96712e-42
    3.14037e-42
    2.48591e-42
    1.96784e-42
    1.55774e-42
     1.2331e-42
    9.76122e-43
    7.72697e-43
    6.11665e-43
    4.84193e-43
    3.83286e-43
    3.03409e-43
    2.40178e-43
    1.90124e-43
    1.50502e-43
    1.19137e-43
    9.43088e-44
    7.46547e-44
    5.90965e-44
    4.67807e-44
    3.70315e-44
    2.93141e-44
     2.3205e-44
     1.8369e-44
    1.45409e-44
    1.15105e-44
    9.11173e-45
    7.21283e-45
    5.70966e-45
    4.51976e-45
    3.57783e-45
    2.83221e-45
    2.24197e-45
    1.77474e-45
    1.40488e-45
     1.1121e-45
    8.80337e-46
    6.96873e-46
    5.51643e-46
     4.3668e-46
    3.45675e-46
    2.73636e-46
     2.1661e-46
    1.71468e-46
    1.35734e-46
    1.07446e-46
    8.50545e-47
     6.7329e-47
    5.32975e-47
    4.21902e-47
    3.33977e-47
    2.64375e-47
    2.09279e-47
    1.65665e-47
     1.3114e-47
     1.0381e-47
     8.2176e-48
    6.50504e-48
    5.14938e-48
    4.07624e-48
    3.22674e-48
    2.55429e-48
    2.02197e-48
    1.60059e-48
    1.26702e-48
    1.00297e-48
    7.93951e-49
     6.2849e-49
    4.97511e-49
    3.93829e-49
    3.11755e-49
    2.46784e-49
    1.95354e-49
    1.54642e-49
    1.22414e-49
    9.69029e-50
    7.67082e-50
    6.07221e-50
    4.80675e-50
    3.80501e-50
    3.01204e-50
    2.38433e-50
    1.88743e-50
    1.49409e-50
    1.18272e-50
    9.36235e-51
    7.41122e-51
    5.86671e-51
    4.64408e-51
    3.67624e-51
    2.91011e-51
    2.30364e-51
    1.82355e-51
    1.44352e-51
    1.14269e-51
    9.04551e-52
    7.16041e-52
    5.66817e-52
    4.48691e-52
    3.55183e-52
    2.81162e-52
    2.22568e-52
    1.76184e-52
    1.39467e-52
    1.10402e-52
     8.7394e-53
    6.91809e-53
    5.47635e-53
    4.33507e-53
    3.43163e-53
    2.71647e-53
