              0
              0
              0
              0
              0
              0
              0
        8.33333
      0.0133915
              0
              0
              0
      0.0170578
     0.00436907
     0.00798167
     0.00825818
      0.0108195
      0.0147333
      0.0207535
        5.67291
      0.0225645
      0.0101395
     0.00996419
      0.0113358
     0.00745744
        5.67424
       0.012896
      0.0255254
     0.00825543
      0.0105151
       0.009852
        3.86324
      0.0148118
     0.00774136
     0.00753736
     0.00717767
     0.00657371
        3.86022
       0.010069
     0.00732775
      0.0068519
     0.00656426
     0.00683832
        2.62919
      0.0105655
     0.00644391
     0.00617583
     0.00715369
      0.0067291
        2.62582
      0.0075593
     0.00543348
     0.00543498
     0.00540579
        1.78741
     0.00910036
     0.00526764
     0.00507368
     0.00486124
     0.00472827
         1.7863
     0.00587689
     0.00431932
       0.004329
      0.0041836
      0.0042241
        1.21569
     0.00595126
     0.00387188
     0.00403844
     0.00376805
     0.00356125
        1.21505
      0.0042864
     0.00324962
     0.00318694
     0.00313157
      0.0031366
       0.826909
     0.00428155
     0.00288543
     0.00281744
     0.00273711
     0.00263799
       0.826453
     0.00313015
     0.00242685
     0.00238531
     0.00233539
     0.00233539
       0.562491
     0.00309819
     0.00213155
     0.00206941
     0.00201482
     0.00192656
        0.56212
     0.00225765
     0.00177359
     0.00174021
     0.00170405
     0.00170012
       0.382603
     0.00221146
     0.00155004
     0.00150465
     0.00146354
     0.00140126
        0.38233
     0.00162154
     0.00129011
     0.00126532
     0.00123864
       0.260293
     0.00160311
     0.00116114
     0.00112559
     0.00109266
     0.00106268
       0.260078
     0.00119548
    0.000960355
    0.000950052
     0.00092683
    0.000918733
       0.177045
     0.00114841
    0.000838935
    0.000814116
    0.000792482
    0.000759438
       0.176898
    0.000854794
    0.000698541
     0.00068401
     0.00066892
    0.000663546
       0.120428
    0.000816887
    0.000605391
    0.000587622
    0.000571283
    0.000548415
       0.120321
    0.000611329
    0.000504074
    0.000493352
      0.0004821
    0.000477832
      0.0819168
    0.000580556
    0.000435945
    0.000423134
    0.000411325
    0.000395069
        0.08184
    0.000436535
    0.000362984
    0.000355079
    0.000346848
      0.0557338
    0.000419943
    0.000323135
    0.000313293
    0.000304078
    0.000295558
      0.0556744
    0.000319922
    0.000267725
    0.000263656
    0.000256883
    0.000253397
        0.03791
    0.000299152
    0.000231383
    0.000224523
    0.000218391
    0.000209864
      0.0378693
    0.000227459
    0.000192716
    0.000188314
    0.000183832
    0.000181464
      0.0257876
    0.000211922
    0.000165588
    0.000160709
    0.000156169
    0.000150263
      0.0257584
    0.000161773
    0.000137913
     0.00013472
    0.000131441
    0.000129681
      0.0175416
    0.000150026
    0.000118333
    0.000114843
    0.000111591
    0.000107409
      0.0175208
    0.000114925
     9.8554e-05
    9.62383e-05
    9.38715e-05
      0.0119358
     0.00010834
    8.70876e-05
    8.44457e-05
    8.19539e-05
    7.96265e-05
      0.0119199
    8.38689e-05
    7.22465e-05
    7.09285e-05
    6.90455e-05
    6.78784e-05
     0.00811896
    7.68556e-05
    6.19804e-05
    6.01402e-05
    5.84666e-05
    5.62919e-05
     0.00810805
     5.9382e-05
    5.16323e-05
    5.03798e-05
    4.91193e-05
      4.832e-05
     0.00552297
     5.4272e-05
    4.40976e-05
    4.27949e-05
    4.15722e-05
    4.00651e-05
      0.0055152
    4.20591e-05
    3.67343e-05
    3.58353e-05
    3.49242e-05
    3.43442e-05
     0.00375706
    3.83049e-05
    3.13425e-05
    3.04159e-05
    2.95454e-05
    2.84814e-05
     0.00375154
    2.97639e-05
    2.61085e-05
     2.5463e-05
     2.4811e-05
     0.00255663
    2.76258e-05
    2.29484e-05
    2.22542e-05
    2.15961e-05
    2.09768e-05
     0.00255247
    2.16514e-05
    1.90552e-05
    1.86657e-05
    1.81585e-05
    1.78076e-05
     0.00173914
    1.95332e-05
    1.62601e-05
    1.57768e-05
    1.53318e-05
    1.47823e-05
     0.00173628
    1.52814e-05
    1.35472e-05
    1.32045e-05
    1.28623e-05
    1.26209e-05
     0.00118311
    1.37588e-05
    1.15191e-05
    1.11781e-05
    1.08561e-05
    1.04751e-05
     0.00118108
    1.07891e-05
    9.59697e-06
    9.35269e-06
     9.1074e-06
    8.93441e-06
    0.000804855
    9.68763e-06
    8.15425e-06
    7.91274e-06
    7.68452e-06
    7.41618e-06
    0.000803417
    7.61235e-06
     6.7935e-06
     6.6193e-06
     6.4448e-06
    6.31967e-06
    0.000547539
     6.8175e-06
    5.76793e-06
    5.59705e-06
    5.43538e-06
    5.24665e-06
    0.000546521
    5.36806e-06
    4.80551e-06
     4.6815e-06
    4.55746e-06
    0.000372639
    4.91081e-06
    4.20404e-06
    4.07721e-06
    3.95638e-06
    3.84196e-06
    0.000371881
    3.89343e-06
    3.49371e-06
    3.41547e-06
    3.32078e-06
    3.24942e-06
      0.0002535
    3.46146e-06
    2.96701e-06
    2.87873e-06
    2.79657e-06
    2.69972e-06
    0.000252977
     2.7399e-06
    2.47229e-06
    2.40745e-06
    2.34314e-06
    2.29391e-06
    0.000172461
    2.43235e-06
    2.09381e-06
    2.03171e-06
    1.97276e-06
    1.90559e-06
    0.000172092
    1.92873e-06
    1.74465e-06
     1.6987e-06
    1.65291e-06
    1.61794e-06
     0.00011733
    1.70869e-06
    1.47678e-06
    1.43297e-06
    1.39135e-06
    1.34415e-06
    0.000117069
    1.35703e-06
     1.2305e-06
    1.19792e-06
    1.16551e-06
    7.98607e-05
    1.22982e-06
    1.07333e-06
      1.041e-06
    1.01011e-06
    9.80745e-07
    7.96678e-05
    9.82378e-07
    8.92435e-07
    8.71363e-07
    8.46902e-07
    8.27558e-07
    5.43307e-05
    8.65081e-07
    7.55628e-07
    7.33132e-07
    7.12051e-07
    6.87936e-07
    5.41974e-05
    6.90013e-07
    6.29682e-07
      6.128e-07
    5.96121e-07
    5.82755e-07
    3.69641e-05
    6.06925e-07
    5.31945e-07
    5.16153e-07
    5.01105e-07
    4.84375e-07
    3.68703e-05
    4.84797e-07
    4.43274e-07
    4.31352e-07
    4.19527e-07
    4.10075e-07
     2.5149e-05
    4.25704e-07
    3.74316e-07
      3.632e-07
    3.52604e-07
    3.40866e-07
    2.50829e-05
    3.40473e-07
    3.11916e-07
    3.03492e-07
    2.95149e-07
    1.71199e-05
    3.06196e-07
    2.71445e-07
     2.6328e-07
    2.55459e-07
    2.48001e-07
    1.70712e-05
    2.46096e-07
    2.25788e-07
    2.20238e-07
    2.13995e-07
    2.08876e-07
    1.16476e-05
     2.1502e-07
    1.90719e-07
    1.85039e-07
    1.79687e-07
    1.73711e-07
     1.1614e-05
    1.72588e-07
    1.58941e-07
    1.54605e-07
    1.50335e-07
    1.46794e-07
    7.92497e-06
    1.50656e-07
       1.34e-07
    1.30018e-07
    1.26214e-07
    1.22067e-07
    7.90132e-06
    1.21069e-07
     1.1167e-07
    1.08617e-07
    1.05599e-07
    1.03103e-07
    5.39216e-06
    1.05537e-07
    9.41163e-08
    9.13189e-08
    8.86454e-08
    8.57398e-08
    5.37555e-06
    8.48992e-08
    7.84319e-08
    7.62802e-08
    7.41562e-08
    3.67119e-06
    7.58678e-08
    6.81271e-08
    6.60799e-08
    6.41155e-08
    6.22372e-08
      3.659e-06
    6.12879e-08
    5.66869e-08
     5.5249e-08
    5.36704e-08
    5.23395e-08
    2.49787e-06
    5.32013e-08
    4.77897e-08
    4.63657e-08
    4.50182e-08
    4.35435e-08
    2.48944e-06
    4.29268e-08
    3.98287e-08
    3.87272e-08
    3.76447e-08
    3.67233e-08
    1.69964e-06
     3.7235e-08
    3.35238e-08
    3.25269e-08
    3.15723e-08
    3.05487e-08
    1.69373e-06
    3.00734e-08
    2.79389e-08
    2.71647e-08
    2.64017e-08
    2.57539e-08
    1.15652e-06
    2.60561e-08
    2.35099e-08
    2.28106e-08
    2.21409e-08
    2.14244e-08
    1.15237e-06
    2.10627e-08
     1.9593e-08
    1.90486e-08
    1.85127e-08
    1.80555e-08
    7.86958e-07
    1.82291e-08
    1.64824e-08
    1.59921e-08
    1.55223e-08
    1.50211e-08
    7.84048e-07
    1.47486e-08
    1.37364e-08
    1.33539e-08
    1.29775e-08
    5.35896e-07
    1.30972e-08
      1.191e-08
    1.15525e-08
    1.12088e-08
    1.08793e-08
     5.3377e-07
    1.06336e-08
    9.91322e-09
    9.65424e-09
     9.3763e-09
    9.13581e-09
    3.64654e-07
    9.17132e-09
    8.34162e-09
    8.09297e-09
    7.85667e-09
    7.60309e-09
    3.63182e-07
    7.43857e-09
    6.95238e-09
    6.75753e-09
    6.56649e-09
    6.39987e-09
    2.48146e-07
    6.41187e-09
    5.84247e-09
    5.66861e-09
    5.50176e-09
    5.32571e-09
    2.47114e-07
    5.20459e-09
    4.86939e-09
    4.73271e-09
    4.59839e-09
    4.48151e-09
    1.68865e-07
    4.48208e-09
    4.09116e-09
    3.96939e-09
    3.85251e-09
    3.72943e-09
    1.68142e-07
    3.64069e-09
    3.40973e-09
    3.31382e-09
    3.21964e-09
    1.15014e-07
    3.21905e-09
    2.95271e-09
    2.86414e-09
    2.77888e-09
    2.69702e-09
    1.14487e-07
    2.62266e-09
     2.4582e-09
    2.39272e-09
    2.32348e-09
    2.26254e-09
    7.82681e-08
    2.25194e-09
    2.06585e-09
    2.00425e-09
    1.94555e-09
    1.88339e-09
    7.79034e-08
    1.83305e-09
    1.72185e-09
    1.67316e-09
     1.6255e-09
    1.58326e-09
    5.32655e-08
    1.57318e-09
    1.44539e-09
    1.40236e-09
      1.361e-09
    1.31784e-09
    5.30102e-08
     1.2814e-09
     1.2047e-09
    1.17059e-09
    1.13713e-09
    1.10754e-09
    1.07307e-09
    1.04235e-09
     1.0111e-09
    9.80989e-10
    9.52048e-10
    9.21898e-10
    8.94486e-10
    8.67539e-10
    8.42345e-10
    8.16677e-10
    7.92102e-10
    7.68578e-10
    7.45659e-10
    7.23415e-10
    7.01826e-10
    6.80911e-10
    6.60499e-10
    6.40804e-10
     6.2165e-10
    6.03101e-10
    5.85085e-10
    5.67609e-10
    5.50628e-10
    5.34194e-10
    5.18249e-10
    5.02786e-10
    4.87776e-10
    4.73213e-10
    4.59086e-10
    4.45376e-10
    4.32074e-10
    4.19169e-10
    4.06649e-10
    3.94502e-10
    3.82718e-10
    3.71287e-10
    3.60197e-10
    3.49439e-10
    3.39003e-10
    3.28878e-10
    3.19055e-10
    3.09526e-10
    3.00281e-10
    2.91313e-10
    2.82612e-10
    2.74171e-10
    2.65982e-10
    2.58038e-10
    2.50331e-10
    2.42854e-10
    2.35601e-10
    2.28564e-10
    2.21738e-10
    2.15115e-10
    2.08691e-10
    2.02458e-10
    1.96411e-10
    1.90545e-10
    1.84854e-10
    1.79333e-10
    1.73977e-10
    1.68781e-10
     1.6374e-10
     1.5885e-10
    1.54105e-10
    1.49503e-10
    1.45038e-10
    1.40706e-10
    1.36503e-10
    1.32426e-10
    1.28471e-10
    1.24634e-10
    1.20912e-10
    1.17301e-10
    1.13797e-10
    1.10398e-10
    1.07101e-10
    1.03902e-10
    1.00799e-10
    9.77887e-11
     9.4868e-11
    9.20346e-11
    8.92859e-11
    8.66192e-11
    8.40321e-11
    8.15224e-11
    7.90876e-11
    7.67255e-11
    7.44339e-11
    7.22109e-11
    7.00541e-11
    6.79619e-11
    6.59321e-11
    6.39629e-11
    6.20525e-11
    6.01992e-11
    5.84013e-11
     5.6657e-11
    5.49649e-11
    5.33232e-11
    5.17306e-11
    5.01856e-11
    4.86867e-11
    4.72326e-11
    4.58219e-11
    4.44534e-11
    4.31257e-11
    4.18377e-11
    4.05881e-11
    3.93759e-11
    3.81999e-11
     3.7059e-11
    3.59521e-11
    3.48784e-11
    3.38367e-11
    3.28261e-11
    3.18457e-11
    3.08945e-11
    2.99718e-11
    2.90767e-11
    2.82082e-11
    2.73657e-11
    2.65484e-11
    2.57555e-11
    2.49863e-11
      2.424e-11
     2.3516e-11
    2.28137e-11
    2.21323e-11
    2.14713e-11
      2.083e-11
    2.02079e-11
    1.96044e-11
    1.90188e-11
    1.84508e-11
    1.78997e-11
    1.73651e-11
    1.68465e-11
    1.63433e-11
    1.58552e-11
    1.53817e-11
    1.49223e-11
    1.44766e-11
    1.40442e-11
    1.36248e-11
    1.32178e-11
    1.28231e-11
    1.24401e-11
    1.20685e-11
    1.17081e-11
    1.13584e-11
    1.10192e-11
    1.06901e-11
    1.03708e-11
    1.00611e-11
    9.76056e-12
    9.46905e-12
    9.18624e-12
    8.91187e-12
     8.6457e-12
    8.38749e-12
    8.13698e-12
    7.89395e-12
    7.65819e-12
    7.42946e-12
    7.20757e-12
     6.9923e-12
    6.78347e-12
    6.58087e-12
    6.38432e-12
    6.19364e-12
    6.00865e-12
     5.8292e-12
     5.6551e-12
     5.4862e-12
    5.32234e-12
    5.16338e-12
    5.00917e-12
    4.85956e-12
    4.71442e-12
    4.57362e-12
    4.43702e-12
     4.3045e-12
    4.17594e-12
    4.05122e-12
    3.93022e-12
    3.81284e-12
    3.69896e-12
    3.58848e-12
    3.48131e-12
    3.37733e-12
    3.27646e-12
    3.17861e-12
    3.08367e-12
    2.99157e-12
    2.90222e-12
    2.81554e-12
    2.73145e-12
    2.64987e-12
    2.57073e-12
    2.49395e-12
    2.41946e-12
     2.3472e-12
     2.2771e-12
    2.20909e-12
    2.14311e-12
     2.0791e-12
    2.01701e-12
    1.95677e-12
    1.89832e-12
    1.84163e-12
    1.78662e-12
    1.73326e-12
     1.6815e-12
    1.63128e-12
    1.58255e-12
    1.53529e-12
    1.48943e-12
    1.44495e-12
    1.40179e-12
    1.35993e-12
    1.31931e-12
    1.27991e-12
    1.24168e-12
     1.2046e-12
    1.16862e-12
    1.13372e-12
    1.09986e-12
    1.06701e-12
    1.03514e-12
    1.00422e-12
    9.74229e-13
    9.45132e-13
    9.16904e-13
    8.89519e-13
    8.62952e-13
    8.37179e-13
    8.12175e-13
    7.87918e-13
    7.64385e-13
    7.41556e-13
    7.19408e-13
    6.97921e-13
    6.77077e-13
    6.56855e-13
    6.37237e-13
    6.18204e-13
    5.99741e-13
    5.81828e-13
    5.64451e-13
    5.47593e-13
    5.31238e-13
    5.15372e-13
    4.99979e-13
    4.85046e-13
     4.7056e-13
    4.56506e-13
    4.42871e-13
    4.29644e-13
    4.16812e-13
    4.04363e-13
    3.92286e-13
     3.8057e-13
    3.69204e-13
    3.58177e-13
    3.47479e-13
    3.37101e-13
    3.27033e-13
    3.17266e-13
     3.0779e-13
    2.98597e-13
    2.89679e-13
    2.81027e-13
    2.72634e-13
    2.64491e-13
    2.56592e-13
    2.48928e-13
    2.41494e-13
    2.34281e-13
    2.27284e-13
    2.20495e-13
     2.1391e-13
    2.07521e-13
    2.01323e-13
     1.9531e-13
    1.89477e-13
    1.83818e-13
    1.78328e-13
    1.73002e-13
    1.67835e-13
    1.62822e-13
    1.57959e-13
    1.53242e-13
    1.48665e-13
    1.44225e-13
    1.39917e-13
    1.35738e-13
    1.31684e-13
    1.27751e-13
    1.23936e-13
    1.20234e-13
    1.16643e-13
    1.13159e-13
     1.0978e-13
    1.06501e-13
     1.0332e-13
    1.00234e-13
    9.72406e-14
    9.43363e-14
    9.15188e-14
    8.87854e-14
    8.61337e-14
    8.35612e-14
    8.10655e-14
    7.86443e-14
    7.62955e-14
    7.40168e-14
    7.18061e-14
    6.96615e-14
    6.75809e-14
    6.55625e-14
    6.36044e-14
    6.17047e-14
    5.98618e-14
    5.80739e-14
    5.63395e-14
    5.46568e-14
    5.30244e-14
    5.14407e-14
    4.99043e-14
    4.84139e-14
    4.69679e-14
    4.55651e-14
    4.42042e-14
     4.2884e-14
    4.16032e-14
    4.03606e-14
    3.91552e-14
    3.79858e-14
    3.68513e-14
    3.57506e-14
    3.46829e-14
     3.3647e-14
    3.26421e-14
    3.16672e-14
    3.07214e-14
    2.98038e-14
    2.89137e-14
    2.80501e-14
    2.72124e-14
    2.63996e-14
    2.56111e-14
    2.48462e-14
    2.41042e-14
    2.33842e-14
    2.26858e-14
    2.20083e-14
     2.1351e-14
    2.07133e-14
    2.00946e-14
    1.94945e-14
    1.89122e-14
    1.83474e-14
    1.77994e-14
    1.72678e-14
    1.67521e-14
    1.62517e-14
    1.57664e-14
    1.52955e-14
    1.48386e-14
    1.43955e-14
    1.39655e-14
    1.35484e-14
    1.31438e-14
    1.27512e-14
    1.23704e-14
    1.20009e-14
    1.16425e-14
    1.12948e-14
    1.09574e-14
    1.06302e-14
    1.03127e-14
    1.00047e-14
    9.70586e-15
    9.41597e-15
    9.13475e-15
    8.86192e-15
    8.59725e-15
    8.34048e-15
    8.09137e-15
    7.84971e-15
    7.61526e-15
    7.38782e-15
    7.16717e-15
    6.95311e-15
    6.74544e-15
    6.54398e-15
    6.34853e-15
    6.15892e-15
    5.97498e-15
    5.79652e-15
     5.6234e-15
    5.45545e-15
    5.29251e-15
