              0
              0
              0
              0
              0
              0
              0
              0
              0
              0
     0.00450807
     0.00687123
    6.96183e-05
     0.00514962
      0.0112498
    2.91132e-05
     0.00495926
     0.00441801
    0.000234008
     0.00522861
      0.0076791
      0.0127548
     0.00964201
      0.0118928
     0.00710145
     0.00245778
     0.00915907
    0.000847471
     0.00784487
      0.0017774
    0.000671485
     0.00465434
    0.000521434
    0.000387468
    0.000394549
      0.0035782
    0.000336517
    0.000231284
     0.00538951
     0.00030043
     0.00023363
    0.000235424
     0.00298826
    0.000182704
    0.000139203
     0.00012969
     0.00156826
     0.00228431
     0.00170843
     0.00134876
     0.00359299
    9.13621e-05
    0.000100126
    0.000524069
    7.35975e-05
    0.000101846
     9.5956e-05
    7.18808e-05
     0.00200494
    4.65444e-05
    5.48127e-05
     0.00243145
    3.61095e-05
    6.27342e-05
    5.88226e-05
    0.000131782
    5.18796e-05
    5.60325e-05
    4.19141e-05
    2.55748e-05
     0.00102281
     0.00015317
    1.95357e-05
     0.00164798
    2.22638e-05
    2.80022e-05
    3.18096e-05
    1.69135e-05
    2.70856e-05
    2.75872e-05
    2.21288e-05
     1.1558e-05
    0.000693103
    1.97708e-05
    1.29162e-05
     0.00111971
    1.71165e-05
     2.1458e-05
    2.25481e-05
    1.23189e-05
    1.92745e-05
    1.86151e-05
    1.38328e-05
    7.31411e-06
    0.000469779
    1.19398e-05
    6.74928e-06
    0.000759678
    9.12605e-06
    1.15947e-05
    1.38633e-05
    6.63959e-06
    1.18889e-05
    1.20939e-05
    9.08829e-06
    4.55861e-06
    0.000319192
    7.89612e-06
    4.42661e-06
    0.000516447
    6.10072e-06
    7.80476e-06
    9.37388e-06
    4.47791e-06
    8.05552e-06
    8.20347e-06
    6.16246e-06
    0.000216694
    3.43359e-06
    5.36068e-06
    0.000350637
    3.54316e-06
    6.54314e-06
    6.90759e-06
    4.61427e-06
    5.46167e-06
    5.87096e-06
    4.24618e-06
    2.17233e-06
    0.000147672
     3.6973e-06
    2.07942e-06
    0.000238833
    2.83499e-06
    3.63894e-06
    4.36022e-06
    2.08859e-06
    3.73974e-06
    3.80602e-06
    2.85769e-06
    1.43271e-06
    0.000100364
    2.48256e-06
    1.39129e-06
    0.000162387
    1.91768e-06
    2.45361e-06
    2.94707e-06
    1.40774e-06
    2.53268e-06
    2.57929e-06
    1.93753e-06
    9.70646e-07
    6.82442e-05
    1.68548e-06
    9.44051e-07
    0.000110421
    1.30267e-06
    1.66732e-06
     2.0031e-06
     9.5651e-07
    1.72166e-06
    1.75345e-06
    1.31717e-06
    4.63318e-05
     7.3387e-07
    1.14596e-06
    7.49708e-05
    7.57435e-07
     1.3989e-06
    1.47685e-06
    9.86524e-07
    1.16772e-06
    1.25525e-06
    9.07859e-07
    4.64448e-07
    3.15742e-05
    7.90517e-07
    4.44597e-07
    5.10659e-05
    6.06152e-07
    7.78049e-07
    9.32271e-07
    4.46564e-07
    7.99604e-07
    8.13777e-07
     6.1101e-07
    3.06331e-07
    2.14593e-05
    5.30805e-07
    2.97476e-07
    3.47205e-05
    4.10027e-07
    5.24615e-07
    6.30125e-07
    3.00993e-07
    5.41521e-07
    5.51488e-07
     4.1427e-07
    2.07537e-07
    1.45916e-05
    3.60379e-07
    2.01851e-07
    2.36096e-05
    2.78529e-07
    3.56497e-07
     4.2829e-07
    2.04515e-07
    3.68114e-07
    3.74911e-07
     2.8163e-07
    9.90637e-06
    1.56911e-07
    2.45023e-07
    1.60298e-05
     1.6195e-07
    2.99105e-07
     3.1577e-07
    2.10932e-07
    2.49676e-07
     2.6839e-07
    1.94113e-07
    9.93054e-08
      6.751e-06
    1.69023e-07
    9.50609e-08
    1.09186e-05
    1.29604e-07
    1.66358e-07
    1.99332e-07
    9.54816e-08
    1.70966e-07
    1.73997e-07
    1.30642e-07
    6.54978e-08
    4.58829e-06
    1.13493e-07
    6.36045e-08
    7.42373e-06
    8.76693e-08
     1.1217e-07
    1.34729e-07
    6.43565e-08
    1.15785e-07
    1.17916e-07
    8.85766e-08
    4.43743e-08
    3.11988e-06
     7.7054e-08
    4.31585e-08
    5.04806e-06
    5.95533e-08
     7.6224e-08
    9.15744e-08
    4.37281e-08
    7.87078e-08
    8.01612e-08
    6.02163e-08
    2.11812e-06
    3.35498e-08
    5.23893e-08
    3.42739e-06
    3.46272e-08
    6.39527e-08
    6.75161e-08
    4.51002e-08
    5.33841e-08
    5.73854e-08
     4.1504e-08
    2.12329e-08
    1.44346e-06
    3.61395e-08
    2.03253e-08
    2.33454e-06
     2.7711e-08
    3.55695e-08
      4.262e-08
    2.04153e-08
    3.65549e-08
    3.72029e-08
    2.79332e-08
    1.40043e-08
     9.8104e-07
    2.42664e-08
    1.35995e-08
     1.5873e-06
    1.87449e-08
    2.39835e-08
     2.8807e-08
    1.37603e-08
    2.47564e-08
     2.5212e-08
    1.89389e-08
    9.48784e-09
    6.67072e-07
    1.64752e-08
    9.22789e-09
    1.07934e-06
    1.27333e-08
    1.62977e-08
    1.95799e-08
    9.34968e-09
    1.68288e-08
    1.71396e-08
    1.28751e-08
    6.44909e-09
    4.53607e-07
    1.12016e-08
    6.27374e-09
    7.33953e-07
    8.65787e-09
    1.10818e-08
    1.33138e-08
    6.35737e-09
    1.14433e-08
    1.16546e-08
    8.75485e-09
     3.0796e-07
     4.8778e-09
    7.61696e-09
     4.9832e-07
     5.0345e-09
    9.29824e-09
    9.81635e-09
    6.55724e-09
    7.76167e-09
    8.34344e-09
    6.03439e-09
     3.0871e-09
    2.09869e-07
    5.25444e-09
    2.95516e-09
    3.39427e-07
      4.029e-09
    5.17157e-09
    6.19666e-09
    2.96824e-09
    5.31484e-09
    5.40905e-09
    4.06129e-09
    2.03614e-09
    1.42637e-07
    3.52818e-09
    1.97728e-09
    2.30782e-07
    2.72539e-09
    3.48704e-09
    4.18834e-09
    2.00066e-09
    3.59941e-09
    3.66566e-09
    2.75359e-09
    1.37947e-09
    9.69879e-08
    2.39539e-09
    1.34167e-09
     1.5693e-07
    1.85134e-09
    2.36958e-09
    2.84678e-09
    1.35938e-09
     2.4468e-09
    2.49198e-09
    1.87195e-09
    6.58462e-08
    1.04297e-09
    1.62863e-09
    1.06548e-07
    1.07646e-09
     1.9881e-09
    2.09888e-09
    1.40204e-09
    1.65956e-09
    1.78395e-09
    1.29024e-09
    6.60068e-10
    4.48729e-08
    1.12347e-09
    6.31856e-10
    7.25742e-08
    8.61456e-10
    1.10575e-09
    1.32493e-09
    6.34652e-10
    1.13639e-09
    1.15653e-09
    8.68361e-10
    4.35354e-10
    3.04977e-08
    7.54373e-10
    4.22769e-10
    4.93444e-08
    5.82725e-10
    7.45577e-10
    8.95526e-10
    4.27768e-10
    7.69603e-10
    7.83768e-10
    5.88755e-10
     2.9495e-10
    2.07373e-08
    5.12166e-10
    2.86868e-10
    3.35537e-08
    3.95842e-10
    5.06649e-10
    6.08681e-10
    2.90654e-10
    5.23159e-10
    5.32819e-10
    4.00249e-10
    1.40788e-08
    2.23001e-10
    3.48224e-10
    2.27813e-08
    2.30162e-10
    4.25084e-10
    4.48769e-10
    2.99775e-10
    3.54836e-10
    3.81432e-10
    2.75871e-10
    1.41132e-10
    9.59444e-09
    2.40214e-10
    1.35099e-10
    1.55174e-08
    1.84191e-10
    2.36425e-10
    2.83289e-10
    1.35697e-10
    2.42975e-10
    2.47282e-10
    1.85667e-10
    9.30847e-11
    6.52082e-09
    1.61295e-10
    9.03939e-11
    1.05505e-08
    1.24595e-10
    1.59415e-10
    1.91476e-10
    9.14627e-11
    1.64552e-10
     1.6758e-10
    1.25884e-10
    6.30643e-11
    4.43393e-09
    1.09508e-10
    6.13364e-11
    7.17424e-09
    8.46364e-11
    1.08329e-10
    1.30144e-10
    6.21459e-11
    1.11859e-10
    1.13924e-10
    8.55787e-11
    3.01024e-09
    4.76806e-11
     7.4455e-11
    4.87097e-09
    4.92117e-11
    9.08888e-11
     9.5953e-11
    6.40959e-11
    7.58688e-11
    8.15555e-11
     5.8985e-11
    3.01759e-11
    2.05142e-09
     5.1361e-11
    2.88861e-11
    3.31783e-09
    3.93826e-11
     5.0551e-11
     6.0571e-11
    2.90139e-11
    5.19514e-11
    5.28723e-11
    3.96983e-11
    1.99028e-11
    1.39424e-09
    3.44872e-11
    1.93275e-11
    2.25585e-09
      2.664e-11
     3.4085e-11
    4.09401e-11
     1.9556e-11
    3.51834e-11
     3.5831e-11
    2.69157e-11
     1.3484e-11
    9.48035e-10
    2.34144e-11
    1.31146e-11
    1.53395e-09
    1.80964e-11
    2.31621e-11
    2.78267e-11
    1.32876e-11
    2.39169e-11
    2.43585e-11
    1.82979e-11
    9.16537e-12
    6.44661e-10
    1.59195e-11
    8.91616e-12
    1.04309e-09
    1.23045e-11
    1.57494e-11
    1.89214e-11
    9.03502e-12
     1.6263e-11
    1.65634e-11
    1.24423e-11
    4.37669e-10
    6.93226e-12
    1.08251e-11
    7.08206e-10
    7.15497e-12
    1.32146e-11
    1.39509e-11
    9.31908e-12
    1.10308e-11
    1.18576e-11
      8.576e-12
    4.38736e-12
    2.98263e-10
    7.46754e-12
    4.19984e-12
     4.8239e-10
    5.72596e-12
    7.34978e-12
    8.80662e-12
    4.21843e-12
    7.55339e-12
    7.68728e-12
    5.77186e-12
    2.89373e-12
    2.02713e-10
     5.0142e-12
    2.81008e-12
    3.27985e-10
    3.87328e-12
    4.95574e-12
    5.95242e-12
    2.84331e-12
    5.11544e-12
    5.20959e-12
    3.91337e-12
    1.96049e-12
    1.37838e-10
    3.40429e-12
    1.90677e-12
    2.23026e-10
     2.6311e-12
    3.36762e-12
    4.04581e-12
    1.93194e-12
    3.47736e-12
    3.54157e-12
    2.66039e-12
    9.35798e-11
    1.48225e-12
    2.31459e-12
    1.51424e-10
    1.52985e-12
    2.82547e-12
     2.9829e-12
    1.99256e-12
    2.35854e-12
    2.53532e-12
    1.83367e-12
    9.38081e-13
    6.37728e-11
    1.59667e-12
    8.97986e-13
    1.03142e-10
    1.22429e-12
    1.57148e-12
    1.88298e-12
     9.0196e-13
    1.61502e-12
    1.64365e-12
     1.2341e-12
     6.1872e-13
    4.33429e-11
    1.07211e-12
    6.00835e-13
    7.01277e-11
    8.28162e-13
     1.0596e-12
    1.27271e-12
    6.07939e-13
    1.09375e-12
    1.11388e-12
    8.36732e-13
    4.19179e-13
    4.66197e-13
    7.27885e-13
    4.07694e-13
    4.81099e-13
    5.62566e-13
    3.94141e-13
     3.2123e-13
    1.07748e-13
    1.09628e-13
    6.96569e-14
     6.1904e-14
    5.18531e-14
    4.02857e-14
    3.31261e-14
    2.79418e-14
     2.3426e-14
    2.09759e-14
    1.64496e-14
    1.25907e-14
    9.85633e-15
    7.61142e-15
     5.7044e-15
    4.45643e-15
    3.65213e-15
    2.87898e-15
    2.29591e-15
    1.85113e-15
    1.48191e-15
    1.18574e-15
    9.39402e-16
    7.41089e-16
    5.77769e-16
     4.5448e-16
    3.52216e-16
     2.7684e-16
    2.17607e-16
     1.7281e-16
    1.37115e-16
    1.09475e-16
    8.69261e-17
    6.92597e-17
    5.50769e-17
    4.37204e-17
    3.45754e-17
    2.72977e-17
    2.15259e-17
    1.69829e-17
    1.34038e-17
    1.06039e-17
    8.40705e-18
    6.67175e-18
    5.29688e-18
    4.20434e-18
    3.33494e-18
    2.64283e-18
    2.09229e-18
    1.65508e-18
    1.30813e-18
    1.03364e-18
    8.16709e-19
    6.45662e-19
    5.10727e-19
    4.04309e-19
    3.20189e-19
     2.5367e-19
    2.00946e-19
    1.59168e-19
     1.2603e-19
    9.97661e-20
    7.89511e-20
    6.24714e-20
    4.94288e-20
    3.91131e-20
     3.0955e-20
    2.45038e-20
     1.9401e-20
    1.53631e-20
    1.21664e-20
    9.63458e-21
    7.62886e-21
    6.03986e-21
    4.78117e-21
    3.78436e-21
    2.99516e-21
    2.37049e-21
    1.87615e-21
    1.48498e-21
    1.17545e-21
    9.30497e-22
    7.36625e-22
    5.83161e-22
    4.61664e-22
    3.65471e-22
    2.89309e-22
     2.2901e-22
    1.81273e-22
    1.43485e-22
    1.13575e-22
    8.99011e-23
    7.11637e-23
    5.63332e-23
    4.45944e-23
    3.53024e-23
    2.79467e-23
    2.21236e-23
    1.75136e-23
     1.3864e-23
    1.09747e-23
    8.68749e-24
    6.87688e-24
    5.44362e-24
     4.3091e-24
    3.41104e-24
    2.70017e-24
    2.13747e-24
    1.69203e-24
    1.33942e-24
    1.06029e-24
     8.3933e-25
    6.64411e-25
    5.25944e-25
    4.16333e-25
    3.29565e-25
     2.6088e-25
    2.06511e-25
    1.63473e-25
    1.29405e-25
    1.02437e-25
    8.10894e-26
    6.41905e-26
    5.08134e-26
    4.02239e-26
    3.18412e-26
    2.52055e-26
    1.99526e-26
    1.57944e-26
    1.25028e-26
    9.89718e-27
    7.83459e-27
    6.20185e-27
    4.90938e-27
    3.88626e-27
    3.07636e-27
    2.43525e-27
    1.92774e-27
    1.52599e-27
    1.20797e-27
    9.56228e-28
    7.56948e-28
    5.99198e-28
    4.74323e-28
    3.75473e-28
    2.97224e-28
    2.35282e-28
    1.86249e-28
    1.47434e-28
    1.16709e-28
    9.23866e-29
     7.3133e-29
     5.7892e-29
    4.58272e-29
    3.62767e-29
    2.87166e-29
     2.2732e-29
    1.79946e-29
    1.42445e-29
    1.12759e-29
      8.926e-30
    7.06581e-30
    5.59328e-30
    4.42763e-30
    3.50491e-30
    2.77448e-30
    2.19627e-30
    1.73856e-30
    1.37624e-30
    1.08943e-30
    8.62393e-31
    6.82669e-31
    5.40399e-31
    4.27779e-31
    3.38629e-31
    2.68058e-31
    2.12194e-31
    1.67973e-31
    1.32967e-31
    1.05256e-31
    8.33208e-32
    6.59566e-32
    5.22111e-32
    4.13302e-32
    3.27169e-32
    2.58987e-32
    2.05013e-32
    1.62288e-32
    1.28467e-32
    1.01694e-32
    8.05011e-33
    6.37245e-33
    5.04442e-33
    3.99315e-33
    3.16097e-33
    2.50222e-33
    1.98075e-33
    1.56796e-33
     1.2412e-33
    9.82528e-34
    7.77767e-34
    6.15679e-34
    4.87371e-34
    3.85802e-34
      3.054e-34
    2.41754e-34
    1.91372e-34
     1.5149e-34
    1.19919e-34
    9.49277e-35
    7.51446e-35
    5.94844e-35
    4.70877e-35
    3.72746e-35
    2.95065e-35
    2.33573e-35
    1.84896e-35
    1.46363e-35
    1.15861e-35
    9.17152e-36
    7.26016e-36
    5.74713e-36
    4.54942e-36
    3.60131e-36
    2.85079e-36
    2.25668e-36
    1.78639e-36
     1.4141e-36
     1.1194e-36
    8.86114e-37
    7.01446e-37
    5.55264e-37
    4.39546e-37
    3.47944e-37
    2.75432e-37
    2.18031e-37
    1.72593e-37
    1.36624e-37
    1.08152e-37
    8.56126e-38
    6.77708e-38
    5.36472e-38
    4.24671e-38
    3.36169e-38
     2.6611e-38
    2.10653e-38
    1.66752e-38
    1.32001e-38
    1.04492e-38
    8.27153e-39
    6.54773e-39
    5.18317e-39
    4.10299e-39
    3.24792e-39
    2.57105e-39
    2.03524e-39
    1.61109e-39
    1.27534e-39
    1.00955e-39
    7.99161e-40
    6.32614e-40
    5.00776e-40
    3.96414e-40
      3.138e-40
    2.48404e-40
    1.96636e-40
    1.55657e-40
    1.23218e-40
    9.75388e-41
    7.72116e-41
    6.11205e-41
    4.83829e-41
    3.82998e-41
    3.03181e-41
    2.39997e-41
    1.89981e-41
    1.50389e-41
    1.19048e-41
    9.42379e-42
    7.45986e-42
    5.90521e-42
    4.67455e-42
    3.70037e-42
    2.92921e-42
    2.31875e-42
    1.83552e-42
      1.453e-42
    1.15019e-42
    9.10487e-43
     7.2074e-43
    5.70537e-43
    4.51636e-43
    3.57514e-43
    2.83008e-43
    2.24028e-43
     1.7734e-43
    1.40382e-43
    1.11126e-43
    8.79675e-44
    6.96349e-44
    5.51229e-44
    4.36352e-44
    3.45415e-44
     2.7343e-44
    2.16447e-44
    1.71339e-44
    1.35632e-44
    1.07366e-44
    8.49905e-45
    6.72783e-45
    5.32574e-45
    4.21585e-45
    3.33726e-45
    2.64177e-45
    2.09122e-45
     1.6554e-45
    1.31042e-45
    1.03732e-45
    8.21143e-46
    6.50015e-46
    5.14551e-46
    4.07317e-46
    3.22432e-46
    2.55236e-46
    2.02045e-46
    1.59938e-46
    1.26607e-46
    1.00222e-46
    7.93354e-47
    6.28017e-47
    4.97137e-47
    3.93533e-47
     3.1152e-47
    2.46599e-47
    1.95207e-47
    1.54526e-47
    1.22322e-47
    9.68301e-48
    7.66505e-48
    6.06764e-48
    4.80313e-48
    3.80215e-48
    3.00978e-48
    2.38253e-48
    1.88601e-48
    1.49296e-48
    1.18183e-48
    9.35531e-49
    7.40565e-49
     5.8623e-49
    4.64059e-49
    3.67348e-49
    2.90792e-49
     2.3019e-49
    1.82218e-49
    1.44244e-49
    1.14183e-49
    9.03871e-50
    7.15503e-50
    5.66391e-50
    4.48354e-50
    3.54916e-50
    2.80951e-50
      2.224e-50
    1.76052e-50
    1.39362e-50
    1.10319e-50
    8.73283e-51
    6.91289e-51
    5.47223e-51
    4.33181e-51
    3.42905e-51
    2.71443e-51
    2.14874e-51
    1.70094e-51
    1.34646e-51
    1.06586e-51
    8.43729e-52
    6.67894e-52
    5.28704e-52
    4.18521e-52
    3.31301e-52
    2.62257e-52
    2.07602e-52
    1.64338e-52
    1.30089e-52
    1.02978e-52
    8.15176e-53
    6.45292e-53
    5.10812e-53
    4.04358e-53
    3.20089e-53
    2.53382e-53
