              0
              0
              0
              0
              0
              0
              0
              0
              0
              0
              0
     0.00481723
       0.015597
     0.00867312
    0.000124446
     0.00411615
     0.00602651
    0.000312577
    0.000823782
      0.0105932
     0.00678281
     0.00697246
       0.016255
      0.0114193
     0.00820613
     0.00666236
    0.000632663
    0.000666343
     0.00833908
     0.00167056
    0.000634116
     0.00615892
    0.000403743
      0.0004865
    0.000418566
    0.000414707
      0.0049198
     0.00434489
     0.00025353
    0.000278316
     0.00230949
    0.000153992
    0.000144626
    0.000162074
    0.000119863
     0.00162491
     0.00152278
     0.00147479
     0.00317463
     0.00281939
    8.58372e-05
    0.000533005
    5.76757e-05
    7.19429e-05
    8.06972e-05
     6.3917e-05
    8.46688e-05
    0.000573761
    6.12435e-05
     0.00217605
     0.00190278
    6.25622e-05
    6.16094e-05
    4.59738e-05
    3.86398e-05
        0.56029
    3.57306e-05
    0.000151528
    3.30112e-05
     3.3733e-05
    4.29031e-05
     0.00145556
     0.00141441
    3.00877e-05
    3.30844e-05
    1.59519e-05
    1.99062e-05
    2.03226e-05
    1.85426e-05
    2.17722e-05
    1.47547e-05
    2.06945e-05
    2.42503e-05
    0.000989974
    0.000875957
    2.01857e-05
    2.20347e-05
    1.16127e-05
    1.39748e-05
    1.36429e-05
    1.09349e-05
    1.39981e-05
    9.22594e-06
    1.12256e-05
    1.54454e-05
    0.000671182
    0.000593276
    1.07442e-05
    1.36814e-05
    6.14636e-06
     8.0592e-06
    8.33682e-06
    7.08559e-06
    9.06497e-06
    5.98947e-06
    7.39873e-06
    1.03073e-05
    0.000456238
    0.000403288
    7.19557e-06
    9.21844e-06
    4.11353e-06
     5.4316e-06
    5.63391e-06
    4.79197e-06
    6.14552e-06
    4.05792e-06
    5.01904e-06
    0.000313061
    0.000273793
    5.69569e-06
    6.58234e-06
    4.95138e-06
    3.81934e-06
    4.26347e-06
    3.49842e-06
    4.25398e-06
    2.82574e-06
    3.48086e-06
    4.79632e-06
    0.000210996
    0.000186505
    3.35971e-06
    4.29302e-06
    1.92923e-06
    2.53252e-06
     2.6223e-06
    2.22558e-06
     2.8512e-06
    1.88236e-06
    2.32585e-06
    3.23987e-06
    0.000143455
    0.000126806
     2.2619e-06
    2.89806e-06
    1.29309e-06
     1.7076e-06
    1.77132e-06
     1.5066e-06
    1.93223e-06
    1.27583e-06
    1.57805e-06
    2.20064e-06
    9.75472e-05
    8.62262e-05
    1.53668e-06
    1.96953e-06
    8.78326e-07
    1.16041e-06
    1.20387e-06
    1.02402e-06
    1.31354e-06
    8.67284e-07
    1.07286e-06
    6.69366e-05
    5.85406e-05
    1.21767e-06
    1.40728e-06
    1.05858e-06
    8.16555e-07
    9.11533e-07
    7.47966e-07
    9.09524e-07
    6.04155e-07
    7.44234e-07
     1.0255e-06
    4.51139e-05
    3.98773e-05
    7.18343e-07
    9.17899e-07
     4.1249e-07
    5.41484e-07
     5.6068e-07
    4.75858e-07
    6.09624e-07
    4.02473e-07
    4.97297e-07
    6.92727e-07
    3.06726e-05
    2.71128e-05
    4.83624e-07
    6.19644e-07
    2.76479e-07
    3.65108e-07
    3.78733e-07
    3.22131e-07
    4.13137e-07
     2.7279e-07
    3.37409e-07
    4.70526e-07
    2.08569e-05
    1.84363e-05
    3.28562e-07
    4.21113e-07
    1.87798e-07
    2.48111e-07
    2.57404e-07
    2.18949e-07
    2.80853e-07
    1.85437e-07
    2.29392e-07
     1.4312e-05
    1.25168e-05
    2.60355e-07
    3.00896e-07
    2.26339e-07
    1.74591e-07
    1.94898e-07
    1.59925e-07
    1.94469e-07
    1.29177e-07
    1.59127e-07
    2.19267e-07
    9.64597e-06
    8.52631e-06
    1.53592e-07
     1.9626e-07
     8.8196e-08
    1.15777e-07
    1.19881e-07
    1.01745e-07
    1.30346e-07
    8.60543e-08
    1.06329e-07
    1.48115e-07
    6.55823e-06
    5.79709e-06
    1.03405e-07
    1.32488e-07
    5.91151e-08
    7.80651e-08
    8.09783e-08
    6.88761e-08
    8.83343e-08
    5.83263e-08
    7.21427e-08
    1.00605e-07
     4.4595e-06
    3.94194e-06
    7.02512e-08
    9.00397e-08
    4.01538e-08
    5.30496e-08
    5.50364e-08
    4.68142e-08
    6.00503e-08
     3.9649e-08
    4.90471e-08
    3.06009e-06
    2.67626e-06
    5.56675e-08
    6.43356e-08
    4.83945e-08
    3.73299e-08
    4.16719e-08
    3.41943e-08
    4.15801e-08
    2.76197e-08
    3.40236e-08
    4.68822e-08
    2.06244e-06
    1.82304e-06
      3.284e-08
     4.1963e-08
    1.88575e-08
    2.47547e-08
    2.56322e-08
    2.17545e-08
    2.78698e-08
    1.83996e-08
    2.27346e-08
     3.1669e-08
    1.40224e-06
     1.2395e-06
    2.21095e-08
    2.83279e-08
    1.26396e-08
    1.66914e-08
    1.73143e-08
    1.47267e-08
    1.88871e-08
     1.2471e-08
    1.54251e-08
    2.15107e-08
    9.53502e-07
    8.42842e-07
    1.50207e-08
    1.92517e-08
    8.58544e-09
    1.13427e-08
    1.17675e-08
    1.00095e-08
    1.28396e-08
    8.47751e-09
    1.04869e-08
    1.46257e-08
     6.4838e-07
    5.73132e-07
    1.02132e-08
    1.30905e-08
    5.83757e-09
    7.71263e-09
    8.00159e-09
    6.80621e-09
    8.73071e-09
    5.76454e-09
    7.13099e-09
    4.44917e-07
     3.8911e-07
    8.09362e-09
    9.35392e-09
    7.03619e-09
    5.42749e-09
    6.05879e-09
     4.9716e-09
    6.04545e-09
    4.01572e-09
     4.9468e-09
    6.81636e-09
    2.99865e-07
    2.65058e-07
    4.77471e-09
    6.10114e-09
    2.74175e-09
    3.59916e-09
    3.72675e-09
    3.16295e-09
    4.05208e-09
    2.67518e-09
    3.30546e-09
    4.60446e-09
    2.03876e-07
    1.80215e-07
    3.21458e-09
    4.11868e-09
    1.83772e-09
    2.42682e-09
    2.51738e-09
    2.14116e-09
    2.74606e-09
     1.8132e-09
    2.24271e-09
    3.12752e-09
    1.38633e-07
    1.22544e-07
     2.1839e-09
    2.79907e-09
    1.24827e-09
    1.64916e-09
    1.71092e-09
    1.45532e-09
    1.86679e-09
    1.23257e-09
    1.52473e-09
    9.51295e-08
    8.31971e-08
    1.73054e-09
    2.00001e-09
    1.50444e-09
    1.16048e-09
    1.29546e-09
      1.063e-09
     1.2926e-09
    8.58618e-10
     1.0577e-09
    1.45743e-09
    6.41153e-08
    5.66731e-08
     1.0209e-09
    1.30451e-09
    5.86225e-10
    7.69551e-10
    7.96832e-10
    6.76283e-10
     8.6639e-10
     5.7199e-10
    7.06753e-10
    9.84496e-10
    4.35916e-08
    3.85324e-08
    6.87321e-10
    8.80631e-10
    3.92929e-10
    5.18887e-10
    5.38251e-10
    4.57809e-10
    5.87145e-10
    3.87686e-10
    4.79522e-10
    6.68706e-10
    2.96416e-08
    2.62015e-08
    4.66949e-10
    5.98481e-10
    2.66896e-10
    3.52613e-10
    3.65819e-10
    3.11167e-10
    3.99145e-10
    2.63541e-10
    3.26009e-10
      2.034e-08
    1.77887e-08
    3.70013e-10
    4.27629e-10
    3.21671e-10
    2.48126e-10
    2.76987e-10
    2.27284e-10
    2.76377e-10
    1.83584e-10
     2.2615e-10
    3.11619e-10
    1.37087e-08
    1.21175e-08
    2.18283e-10
    2.78922e-10
    1.25343e-10
    1.64541e-10
    1.70374e-10
    1.44599e-10
    1.85246e-10
    1.22299e-10
    1.51113e-10
    2.10499e-10
    9.32048e-09
    8.23876e-09
    1.46959e-10
    1.88291e-10
    8.40137e-11
    1.10945e-10
    1.15085e-10
    9.78859e-11
     1.2554e-10
    8.28927e-11
    1.02528e-10
    1.42979e-10
    6.33779e-09
    5.60224e-09
    9.98401e-11
    1.27963e-10
    5.70661e-11
    7.53934e-11
    7.82171e-11
    6.65318e-11
    8.53428e-11
    5.63488e-11
    6.97051e-11
    4.34897e-09
    3.80347e-09
     7.9114e-11
     9.1433e-11
    6.87776e-11
    5.30528e-11
    5.92236e-11
    4.85965e-11
    5.90931e-11
    3.92529e-11
     4.8354e-11
    6.66284e-11
    2.93112e-09
    2.59089e-09
    4.66718e-11
    5.96373e-11
    2.68001e-11
     3.5181e-11
    3.64282e-11
    3.09172e-11
    3.96082e-11
    2.61493e-11
    3.23101e-11
    4.50075e-11
    1.99285e-09
    1.76156e-09
    3.14218e-11
    4.02592e-11
    1.79633e-11
    2.37216e-11
    2.46068e-11
    2.09293e-11
    2.68421e-11
    1.77236e-11
     2.1922e-11
    3.05708e-11
    1.35511e-09
    1.19784e-09
    2.13472e-11
    2.73603e-11
    1.22015e-11
    1.61201e-11
    1.67239e-11
    1.42254e-11
    1.82475e-11
    1.20481e-11
    1.49039e-11
    2.07858e-11
     9.2147e-10
    8.14528e-10
    1.45149e-11
    1.86041e-11
    8.29628e-12
    1.09611e-11
    1.13718e-11
     9.6729e-12
     1.2408e-11
     8.1925e-12
    1.01345e-11
    6.32311e-10
    5.52999e-10
    1.15026e-11
    1.32937e-11
    9.99975e-12
    7.71348e-12
    8.61069e-12
    7.06558e-12
    8.59172e-12
    5.70709e-12
    7.03033e-12
    9.68732e-12
    4.26165e-10
    3.76698e-10
    6.78577e-12
    8.67086e-12
    3.89655e-12
    5.11509e-12
    5.29642e-12
    4.49515e-12
    5.75876e-12
    3.80193e-12
    4.69768e-12
     6.5438e-12
    2.89747e-10
    2.56119e-10
    4.56852e-12
    5.85342e-12
    2.61174e-12
    3.44897e-12
    3.57767e-12
    3.04299e-12
    3.90266e-12
    2.57689e-12
    3.18731e-12
    4.44479e-12
    1.97023e-10
    1.74158e-10
    3.10374e-12
    3.97801e-12
    1.77402e-12
    2.34376e-12
    2.43154e-12
    2.06828e-12
    2.65306e-12
    1.75172e-12
    2.16693e-12
    1.35197e-10
    1.18239e-10
    2.45942e-12
    2.84239e-12
     2.1381e-12
    1.64926e-12
    1.84109e-12
    1.51072e-12
    1.83703e-12
    1.22026e-12
    1.50318e-12
    2.07129e-12
    9.11199e-11
    8.05432e-11
    1.45089e-12
    1.85395e-12
    8.33136e-13
    1.09368e-12
    1.13245e-12
    9.61126e-13
     1.2313e-12
    8.12905e-13
    1.00443e-12
    1.39915e-12
    6.19518e-11
    5.47618e-11
    9.76812e-13
    1.25154e-12
    5.58426e-13
    7.37436e-13
    7.64955e-13
    6.50633e-13
    8.34443e-13
    5.50975e-13
    6.81491e-13
    9.50358e-13
    5.66356e-13
    6.25496e-13
     5.1573e-13
    4.72492e-13
    1.79473e-13
    1.61988e-13
     1.0296e-13
    7.01449e-14
    5.97659e-14
    5.06058e-14
    4.12651e-14
    3.61499e-14
    3.09712e-14
    2.69185e-14
    2.19343e-14
    1.73368e-14
    1.32767e-14
    1.01365e-14
    7.57238e-15
    6.06463e-15
    4.63043e-15
    3.70711e-15
    2.93355e-15
    2.38649e-15
    1.92381e-15
    1.54816e-15
     1.2389e-15
    9.88074e-16
    7.76389e-16
     6.1063e-16
    4.73636e-16
     3.7072e-16
    2.89514e-16
    2.27845e-16
     1.8004e-16
    1.43572e-16
    1.13881e-16
     9.0932e-17
    7.24284e-17
     5.7585e-17
    4.56682e-17
    3.61171e-17
    2.85116e-17
    2.24798e-17
    1.77246e-17
    1.39998e-17
     1.1072e-17
    8.77691e-18
    6.96236e-18
    5.52886e-18
    4.38872e-18
    3.48252e-18
    2.75993e-18
    2.18544e-18
    1.72833e-18
     1.3661e-18
    1.07933e-18
    8.52961e-19
    6.74345e-19
    5.33519e-19
    4.22335e-19
    3.34509e-19
    2.64989e-19
    2.09934e-19
     1.6628e-19
    1.31669e-19
    1.04222e-19
    8.24756e-20
    6.52538e-20
    5.16278e-20
    4.08506e-20
    3.23297e-20
    2.55918e-20
    2.02626e-20
    1.60453e-20
    1.27067e-20
    1.00624e-20
    7.96769e-21
    6.30814e-21
    4.99358e-21
    3.95247e-21
    3.12822e-21
     2.4758e-21
    1.95951e-21
    1.55097e-21
     1.2277e-21
     9.7187e-22
    7.69388e-22
    6.09101e-22
    4.82204e-22
    3.81731e-22
    3.02181e-22
    2.39199e-22
    1.89338e-22
    1.49868e-22
    1.18626e-22
    9.38992e-23
    7.43283e-23
    5.88382e-23
    4.65774e-23
    3.68722e-23
    2.91894e-23
    2.31073e-23
    1.82923e-23
    1.44804e-23
    1.14627e-23
    9.07371e-24
     7.1826e-24
    5.68563e-24
    4.50066e-24
    3.56269e-24
    2.82022e-24
     2.2325e-24
    1.76726e-24
    1.39898e-24
    1.10744e-24
    8.76652e-25
    6.93956e-25
    5.49331e-25
    4.34845e-25
    3.44219e-25
    2.72481e-25
    2.15694e-25
    1.70742e-25
    1.35159e-25
    1.06992e-25
    8.46951e-26
    6.70448e-26
    5.30728e-26
    4.20125e-26
     3.3257e-26
    2.63262e-26
    2.08397e-26
    1.64967e-26
    1.30587e-26
    1.03372e-26
    8.18294e-27
    6.47761e-27
    5.12767e-27
    4.05906e-27
    3.21315e-27
    2.54353e-27
    2.01345e-27
    1.59385e-27
    1.26169e-27
    9.98746e-28
    7.90605e-28
    6.25841e-28
    4.95414e-28
    3.92169e-28
     3.1044e-28
    2.45744e-28
     1.9453e-28
     1.5399e-28
    1.21898e-28
    9.64945e-29
    7.63849e-29
    6.04661e-29
    4.78649e-29
    3.78897e-29
    2.99934e-29
    2.37428e-29
    1.87947e-29
    1.48779e-29
    1.17773e-29
    9.32289e-30
    7.37999e-30
    5.84199e-30
    4.62451e-30
    3.66075e-30
    2.89784e-30
    2.29393e-30
    1.81587e-30
    1.43744e-30
    1.13787e-30
    9.00739e-31
    7.13023e-31
    5.64428e-31
      4.468e-31
    3.53686e-31
    2.79977e-31
     2.2163e-31
    1.75442e-31
    1.38879e-31
    1.09937e-31
    8.70256e-32
    6.88893e-32
    5.45327e-32
     4.3168e-32
    3.41717e-32
    2.70502e-32
    2.14129e-32
    1.69504e-32
    1.34179e-32
    1.06216e-32
    8.40805e-33
     6.6558e-33
    5.26872e-33
    4.17071e-33
    3.30152e-33
    2.61348e-33
    2.06883e-33
    1.63768e-33
    1.29638e-33
    1.02622e-33
    8.12351e-34
    6.43055e-34
    5.09041e-34
    4.02956e-34
    3.18979e-34
    2.52504e-34
    1.99881e-34
    1.58226e-34
    1.25251e-34
    9.91487e-35
    7.84859e-35
    6.21293e-35
    4.91814e-35
    3.89319e-35
    3.08185e-35
    2.43958e-35
    1.93117e-35
    1.52871e-35
    1.21012e-35
    9.57933e-36
    7.58298e-36
    6.00267e-36
    4.75171e-36
    3.76144e-36
    2.97755e-36
    2.35702e-36
    1.86582e-36
    1.47698e-36
    1.16917e-36
    9.25515e-37
    7.32636e-37
    5.79953e-37
     4.5909e-37
    3.63415e-37
    2.87678e-37
    2.27726e-37
    1.80267e-37
    1.42699e-37
    1.12961e-37
    8.94193e-38
    7.07842e-38
    5.60326e-38
    4.43553e-38
    3.51116e-38
    2.77943e-38
    2.20019e-38
    1.74167e-38
     1.3787e-38
    1.09138e-38
    8.63932e-39
    6.83887e-39
    5.41364e-39
    4.28543e-39
    3.39234e-39
    2.68537e-39
    2.12573e-39
    1.68273e-39
    1.33204e-39
    1.05444e-39
    8.34695e-40
    6.60743e-40
    5.23043e-40
     4.1404e-40
    3.27753e-40
    2.59449e-40
    2.05379e-40
    1.62578e-40
    1.28696e-40
    1.01876e-40
    8.06447e-41
    6.38382e-41
    5.05342e-41
    4.00028e-41
    3.16662e-41
    2.50669e-41
    1.98429e-41
    1.57076e-41
    1.24341e-41
    9.84282e-42
    7.79156e-42
    6.16778e-42
    4.88241e-42
     3.8649e-42
    3.05945e-42
    2.42186e-42
    1.91714e-42
     1.5176e-42
    1.20133e-42
    9.50972e-43
    7.52788e-43
    5.95905e-43
    4.71718e-43
    3.73411e-43
    2.95591e-43
     2.3399e-43
    1.85226e-43
    1.46624e-43
    1.16068e-43
    9.18789e-44
    7.27312e-44
    5.75739e-44
    4.55754e-44
    3.60774e-44
    2.85588e-44
    2.26071e-44
    1.78957e-44
    1.41662e-44
     1.1214e-44
    8.87696e-45
    7.02698e-45
    5.56255e-45
     4.4033e-45
    3.48565e-45
    2.75923e-45
     2.1842e-45
    1.72901e-45
    1.36868e-45
    1.08345e-45
    8.57654e-46
    6.78918e-46
     5.3743e-46
    4.25429e-46
    3.36769e-46
    2.66585e-46
    2.11029e-46
     1.6705e-46
    1.32236e-46
    1.04678e-46
     8.2863e-47
    6.55942e-47
    5.19242e-47
    4.11031e-47
    3.25372e-47
    2.57564e-47
    2.03887e-47
    1.61397e-47
    1.27761e-47
    1.01136e-47
    8.00587e-48
    6.33743e-48
     5.0167e-48
    3.97121e-48
     3.1436e-48
    2.48847e-48
    1.96987e-48
    1.55935e-48
    1.23438e-48
    9.77129e-49
    7.73494e-49
    6.12296e-49
    4.84693e-49
    3.83682e-49
    3.03722e-49
    2.40426e-49
    1.90321e-49
    1.50657e-49
     1.1926e-49
    9.44061e-50
    7.47317e-50
    5.91575e-50
     4.6829e-50
    3.70697e-50
    2.93443e-50
    2.32289e-50
     1.8388e-50
    1.45559e-50
    1.15224e-50
    9.12113e-51
    7.22027e-51
    5.71555e-51
    4.52442e-51
    3.58152e-51
    2.83513e-51
    2.24428e-51
    1.77657e-51
    1.40633e-51
    1.11325e-51
    8.81245e-52
    6.97592e-52
    5.52213e-52
     4.3713e-52
    3.46032e-52
    2.73918e-52
    2.16833e-52
    1.71645e-52
    1.35874e-52
    1.07557e-52
    8.51422e-53
    6.73984e-53
    5.33525e-53
    4.22337e-53
    3.34321e-53
    2.64648e-53
    2.09495e-53
