              0
              0
              0
              0
              0
              0
              0
              0
     0.00766283
              0
              0
    0.000169086
       0.007563
    0.000187298
     0.00429596
     0.00377419
      0.0181123
     0.00104779
     0.00076587
    0.000713924
      0.0228469
    0.000507763
     0.00206839
     0.00740041
     0.00330293
      0.0008887
      0.0298263
    0.000407044
    0.000643445
    0.000651427
     0.00210853
    0.000629167
      0.0040382
    0.000471081
    0.000343591
    0.000250487
    0.000254041
    0.000226665
     0.00212852
    0.000252836
     0.00014175
    0.000160665
    0.000193421
     0.00218379
     0.00251465
    0.000265989
    0.000106554
    0.000109105
     0.00173993
    5.22992e-05
     0.00135483
    4.01867e-05
    5.70585e-05
    0.000133541
     0.00011247
     0.00171482
     0.00031081
    0.000455747
    6.37128e-05
    4.07388e-05
    3.34309e-05
    0.000907162
    5.05707e-05
    4.48511e-05
    3.46798e-05
    5.68189e-05
    2.78215e-05
     0.00115302
    7.50289e-05
    3.75291e-05
    2.69341e-05
    0.000194418
     2.3384e-05
     0.00063178
    1.39884e-05
    1.53249e-05
    1.80125e-05
    2.78244e-05
    1.38479e-05
    0.000776555
    4.24884e-05
    2.47241e-05
    1.68331e-05
    1.57899e-05
     1.4159e-05
    0.000423402
    1.02396e-05
    8.73198e-06
    1.23444e-05
    1.88389e-05
    8.83011e-06
    0.000527668
    2.85221e-05
    1.51413e-05
    9.98857e-06
    7.32654e-06
    5.77782e-06
    0.000284903
    5.14979e-06
    4.46487e-06
    7.51684e-06
    1.21301e-05
    5.63522e-06
    0.000358524
    1.91423e-05
    1.00823e-05
    6.61749e-06
    4.83291e-06
    3.80545e-06
     0.00019363
    3.42488e-06
    2.97861e-06
    5.07129e-06
     8.2182e-06
    0.000242025
    5.56384e-06
     1.3003e-05
    6.84451e-06
    4.49022e-06
    3.29679e-06
    0.000130223
    4.01333e-06
    3.20949e-06
    3.58389e-06
    5.81102e-06
    2.80513e-06
    0.000165859
    8.90587e-06
    4.72026e-06
    3.10683e-06
    2.27119e-06
    1.79796e-06
     8.9571e-05
    1.60801e-06
    1.40611e-06
    2.36247e-06
    3.81468e-06
     1.7709e-06
    0.000112731
    6.01797e-06
    3.16905e-06
    2.07952e-06
    1.51863e-06
    1.19565e-06
    6.08828e-05
    1.07641e-06
    9.36235e-07
    1.59435e-06
    2.58387e-06
    1.19768e-06
    7.66518e-05
    4.08845e-06
    2.15204e-06
    1.41179e-06
    1.03072e-06
    8.11485e-07
     4.1399e-05
    7.30887e-07
    6.35763e-07
    1.08345e-06
    1.75649e-06
    5.17477e-05
    1.18921e-06
     2.7799e-06
    1.46319e-06
    9.59864e-07
    7.04733e-07
    2.78433e-05
       8.58e-07
     6.8615e-07
    7.66219e-07
    1.24242e-06
    5.99735e-07
     3.5463e-05
    1.90417e-06
    1.00924e-06
    6.64267e-07
    4.85599e-07
    3.84419e-07
    1.91515e-05
    3.43808e-07
     3.0064e-07
    5.05126e-07
    8.15628e-07
    3.78641e-07
    2.41033e-05
    1.28672e-06
    6.77586e-07
     4.4463e-07
    3.24703e-07
    2.55646e-07
    1.30176e-05
     2.3015e-07
     2.0018e-07
    3.40893e-07
    5.52468e-07
    2.56081e-07
    1.63892e-05
    8.74168e-07
    4.60136e-07
     3.0186e-07
    2.20383e-07
    1.73507e-07
    8.85167e-06
    1.56274e-07
    1.35935e-07
    2.31656e-07
    3.75562e-07
    1.10644e-05
     2.5427e-07
     5.9438e-07
     3.1285e-07
    2.05232e-07
    1.50682e-07
    5.95327e-06
    1.83452e-07
    1.46708e-07
    1.63828e-07
    2.65647e-07
    1.28232e-07
    7.58248e-06
    4.07138e-07
    2.15789e-07
    1.42029e-07
    1.03828e-07
     8.2194e-08
    4.09486e-06
     7.3511e-08
     6.4281e-08
    1.08003e-07
    1.74392e-07
    8.09587e-08
    5.15363e-06
    2.75119e-07
    1.44877e-07
     9.5068e-08
    6.94261e-08
    5.46606e-08
    2.78334e-06
    4.92093e-08
    4.28012e-08
    7.28877e-08
    1.18125e-07
    5.47536e-08
    3.50424e-06
    1.86909e-07
    9.83835e-08
    6.45419e-08
    4.71208e-08
    3.70981e-08
    1.89261e-06
    3.34135e-08
    2.90647e-08
    4.95312e-08
    8.03003e-08
    2.36571e-06
    5.43664e-08
    1.27087e-07
    6.68917e-08
    4.38814e-08
    3.22178e-08
    1.27289e-06
    3.92246e-08
    3.13682e-08
    3.50287e-08
     5.6799e-08
    2.74177e-08
    1.62124e-06
    8.70517e-08
    4.61386e-08
    3.03678e-08
    2.21998e-08
    1.75742e-08
    8.75537e-07
    1.57177e-08
    1.37442e-08
    2.30925e-08
    3.72875e-08
    1.73101e-08
    1.10192e-06
    5.88243e-08
    3.09767e-08
    2.03268e-08
    1.48442e-08
    1.16872e-08
    5.95116e-07
    1.05216e-08
    9.15148e-09
    1.55844e-08
    2.52568e-08
    1.17071e-08
    7.49255e-07
    3.99637e-08
    2.10357e-08
    1.37999e-08
    1.00751e-08
    7.93208e-09
    4.04666e-07
    7.14426e-09
    6.21444e-09
    1.05905e-08
    1.71693e-08
    7.95658e-09
     5.0949e-07
    2.71729e-08
    1.43024e-08
    9.38246e-09
    6.84986e-09
    5.39286e-09
    2.75172e-07
    4.85748e-09
    4.22532e-09
    7.20111e-09
    1.16748e-08
    3.43959e-07
    7.90433e-09
    1.84774e-08
    9.72549e-09
    6.37998e-09
    4.68418e-09
     1.8507e-07
    5.70295e-09
     4.5607e-09
    5.09291e-09
    8.25818e-09
    3.98633e-09
    2.35717e-07
    1.26567e-08
    6.70824e-09
    4.41527e-09
     3.2277e-09
    2.55517e-09
    1.27297e-07
    2.28524e-09
    1.99831e-09
    3.35749e-09
    5.42135e-09
    2.51677e-09
    1.60211e-07
    8.55266e-09
    4.50381e-09
    2.95539e-09
    2.15825e-09
    1.69924e-09
    8.65259e-08
    1.52977e-09
    1.33056e-09
    2.26587e-09
    3.67217e-09
    1.70213e-09
    1.08937e-07
    5.81046e-09
    3.05846e-09
    2.00642e-09
    1.46485e-09
    1.15327e-09
    5.88357e-08
    1.03873e-09
    9.03539e-10
    1.53978e-09
     2.4963e-09
    7.35432e-08
     1.6901e-09
    3.95076e-09
    2.07947e-09
    1.36415e-09
    1.00156e-09
    3.95705e-08
    1.21938e-09
    9.75147e-10
    1.08894e-09
    1.76572e-09
    8.52336e-10
    5.03996e-08
    2.70619e-09
    1.43432e-09
    9.44048e-10
    6.90128e-10
    5.46331e-10
    2.72179e-08
    4.88616e-10
    4.27266e-10
    7.17879e-10
    1.15916e-09
     5.3812e-10
    3.42554e-08
    1.82868e-09
    9.62977e-10
    6.31902e-10
    4.61465e-10
    3.63321e-10
    1.85004e-08
    3.27087e-10
    2.84493e-10
    4.84474e-10
     7.8516e-10
    3.63939e-10
    2.32922e-08
    1.24236e-09
     6.5394e-10
       4.29e-10
    3.13205e-10
    2.46585e-10
    1.25799e-08
    2.22094e-10
    1.93189e-10
    3.29227e-10
    5.33744e-10
    1.57245e-08
    3.61366e-10
    8.44726e-10
    4.44619e-10
    2.91673e-10
    2.14147e-10
    8.46072e-09
     2.6072e-10
      2.085e-10
    2.32831e-10
    3.77535e-10
    1.82241e-10
    1.07761e-08
     5.7862e-10
    3.06676e-10
     2.0185e-10
    1.47559e-10
    1.16813e-10
    5.81956e-09
    1.04473e-10
    9.13554e-11
    1.53492e-10
    2.47844e-10
    1.15057e-10
    7.32427e-09
    3.90996e-10
    2.05898e-10
    1.35109e-10
    9.86675e-11
     7.7683e-11
    3.95565e-09
    6.99356e-11
    6.08285e-11
    1.03587e-10
    1.67878e-10
    7.78151e-11
    4.98018e-09
    2.65633e-10
    1.39821e-10
    9.17261e-11
    6.69676e-11
    5.27234e-11
    2.68975e-09
    4.74868e-11
    4.13065e-11
    7.03932e-11
    1.14122e-10
    3.36212e-09
    7.72649e-11
    1.80614e-10
    9.50657e-11
    6.23638e-11
    4.57875e-11
    1.80902e-09
    5.57456e-11
    4.45802e-11
    4.97824e-11
    8.07221e-11
    3.89657e-11
    2.30408e-09
    1.23717e-10
    6.55716e-11
    4.31584e-11
    3.15501e-11
    2.49763e-11
     1.2443e-09
    2.23377e-11
     1.9533e-11
    3.28188e-11
    5.29925e-11
    2.46009e-11
    1.56603e-09
    8.36003e-11
    4.40237e-11
    2.88883e-11
    2.10965e-11
    1.66097e-11
    8.45772e-10
    1.49532e-11
     1.3006e-11
    2.21484e-11
    3.58946e-11
    1.66379e-11
    1.06483e-09
     5.6796e-11
    2.98957e-11
    1.96123e-11
    1.43186e-11
     1.1273e-11
    5.75106e-10
    1.01533e-11
    8.83189e-12
     1.5051e-11
    2.44008e-11
    1.13078e-11
    7.24081e-10
    3.86178e-11
    2.03264e-11
    1.33342e-11
    9.73494e-12
    7.66426e-12
    3.91071e-10
    6.90339e-12
    6.00498e-12
    1.02341e-11
    1.65921e-11
     4.8883e-10
    1.12335e-11
    2.62599e-11
    1.38218e-11
    9.06715e-12
     6.6571e-12
    2.63019e-10
    8.10497e-12
    6.48161e-12
    7.23799e-12
    1.17364e-11
    5.66532e-12
    3.34999e-10
    1.79876e-11
    9.53367e-12
    6.27493e-12
    4.58717e-12
    3.63138e-12
    1.80913e-10
    3.24776e-12
    2.83997e-12
    4.77163e-12
    7.70476e-12
     3.5768e-12
     2.2769e-10
    1.21549e-11
    6.40076e-12
    4.20016e-12
    3.06728e-12
    2.41494e-12
     1.2297e-10
     2.1741e-12
    1.89098e-12
    3.22022e-12
    5.21884e-12
    2.41905e-12
    1.54819e-10
    8.25776e-12
    4.34664e-12
     2.8515e-12
    2.08183e-12
    1.63902e-12
    8.36167e-11
    1.47623e-12
     1.2841e-12
    2.18832e-12
    3.54771e-12
    1.04519e-10
    2.40194e-12
    5.61477e-12
    2.95532e-12
    1.93871e-12
     1.4234e-12
    5.62371e-11
    1.73297e-12
    1.38587e-12
    1.54759e-12
    2.50942e-12
    1.21133e-12
    7.16273e-11
      3.846e-12
    2.03843e-12
    1.34167e-12
    9.80801e-13
     7.7644e-13
    3.86817e-11
    6.94416e-13
    6.07226e-13
    1.02024e-12
    1.64738e-12
     7.6477e-13
    4.86833e-11
    2.59889e-12
    1.36857e-12
    8.98052e-13
    6.55828e-13
    5.16347e-13
    2.62926e-11
    4.64852e-13
    4.04318e-13
    6.88528e-13
    1.11586e-12
    5.17226e-13
    7.55459e-13
    1.76562e-12
    9.29372e-13
     6.0969e-13
    4.45123e-13
    3.47927e-13
    5.43503e-13
     3.1419e-13
    1.52946e-13
    1.34195e-13
    1.03679e-13
     7.4304e-14
    6.19449e-14
     5.3142e-14
    4.40713e-14
    3.67224e-14
    3.09522e-14
    2.50695e-14
    1.95585e-14
    1.58152e-14
    1.15589e-14
    8.91048e-15
    6.71881e-15
    5.27665e-15
     4.1741e-15
    3.34212e-15
     2.6973e-15
     2.1918e-15
     1.7641e-15
    1.42175e-15
    1.13102e-15
    8.97217e-16
    7.05901e-16
    5.51223e-16
    4.32175e-16
    3.37634e-16
    2.64934e-16
    2.09989e-16
    1.66605e-16
    1.32843e-16
    1.06001e-16
    8.44436e-17
    6.71046e-17
    5.32185e-17
    4.20541e-17
    3.31521e-17
    2.60954e-17
    2.05657e-17
    1.62191e-17
    1.28177e-17
    1.01471e-17
    8.04714e-18
    6.38593e-18
    5.07203e-18
    4.02564e-18
     3.1934e-18
    2.52953e-18
    2.00146e-18
    1.58225e-18
    1.25042e-18
    9.88191e-19
    7.81316e-19
    6.18152e-19
    4.89391e-19
    3.87657e-19
    3.07155e-19
    2.43383e-19
     1.9282e-19
    1.52708e-19
    1.20899e-19
    9.56744e-20
    7.56938e-20
    5.98785e-20
    4.73705e-20
    3.74817e-20
    2.96644e-20
    2.34829e-20
    1.85933e-20
    1.47233e-20
    1.16591e-20
    9.23199e-21
    7.30936e-21
    5.78631e-21
    4.58009e-21
    3.62501e-21
      2.869e-21
    2.27071e-21
    1.79728e-21
    1.42268e-21
    1.12623e-21
    8.91611e-22
    7.05886e-22
    5.58847e-22
    4.42424e-22
    3.50239e-22
    2.77248e-22
    2.19459e-22
    1.73711e-22
    1.37499e-22
    1.08836e-22
    8.61504e-23
    6.81952e-23
    5.39837e-23
    4.27346e-23
      3.383e-23
    2.67808e-23
    2.12002e-23
    1.67823e-23
    1.32848e-23
    1.05161e-23
    8.32433e-24
    6.58937e-24
    5.21603e-24
    4.12896e-24
    3.26847e-24
    2.58734e-24
    2.04816e-24
    1.62135e-24
    1.28347e-24
    1.01601e-24
    8.04274e-25
    6.36661e-25
    5.03977e-25
    3.98944e-25
    3.15801e-25
    2.49985e-25
    1.97887e-25
    1.56647e-25
    1.24002e-25
    9.81598e-26
    7.77035e-26
    6.15102e-26
    4.86915e-26
    3.85441e-26
    3.05114e-26
    2.41527e-26
    1.91192e-26
    1.51347e-26
    1.19806e-26
    9.48378e-27
    7.50734e-27
    5.94281e-27
    4.70432e-27
    3.72394e-27
    2.94787e-27
    2.33353e-27
    1.84722e-27
    1.46226e-27
    1.15752e-27
    9.16289e-28
    7.25332e-28
    5.74171e-28
    4.54513e-28
    3.59792e-28
    2.84811e-28
    2.25456e-28
     1.7847e-28
    1.41277e-28
    1.11835e-28
     8.8528e-29
    7.00786e-29
    5.54741e-29
    4.39132e-29
    3.47616e-29
    2.75172e-29
    2.17826e-29
     1.7243e-29
    1.36496e-29
     1.0805e-29
     8.5532e-30
     6.7707e-30
    5.35967e-30
    4.24271e-30
    3.35852e-30
     2.6586e-30
    2.10454e-30
    1.66595e-30
    1.31876e-30
    1.04393e-30
    8.26374e-31
    6.54156e-31
    5.17829e-31
    4.09913e-31
    3.24486e-31
    2.56863e-31
    2.03332e-31
    1.60957e-31
    1.27413e-31
     1.0086e-31
    7.98408e-32
    6.32019e-32
    5.00305e-32
     3.9604e-32
    3.13505e-32
     2.4817e-32
    1.96451e-32
     1.5551e-32
    1.23102e-32
     9.7447e-33
    7.71389e-33
     6.1063e-33
    4.83374e-33
    3.82638e-33
    3.02895e-33
    2.39771e-33
    1.89803e-33
    1.50247e-33
    1.18936e-33
    9.41492e-34
    7.45283e-34
    5.89965e-34
    4.67015e-34
    3.69688e-34
    2.92645e-34
    2.31657e-34
    1.83379e-34
    1.45163e-34
    1.14911e-34
     9.0963e-35
    7.20062e-35
    5.69999e-35
    4.51211e-35
    3.57177e-35
    2.82741e-35
    2.23817e-35
    1.77173e-35
     1.4025e-35
    1.11022e-35
    8.78846e-36
    6.95693e-36
     5.5071e-36
    4.35941e-36
     3.4509e-36
    2.73173e-36
    2.16243e-36
    1.71178e-36
    1.35504e-36
    1.07265e-36
    8.49105e-37
     6.7215e-37
    5.32073e-37
    4.21188e-37
    3.33411e-37
    2.63928e-37
    2.08925e-37
    1.65385e-37
    1.30918e-37
    1.03635e-37
    8.20369e-38
    6.49403e-38
    5.14066e-38
    4.06934e-38
    3.22128e-38
    2.54996e-38
    2.01854e-38
    1.59788e-38
    1.26488e-38
    1.00127e-38
    7.92606e-39
    6.27426e-39
    4.96669e-39
    3.93162e-39
    3.11227e-39
    2.46367e-39
    1.95023e-39
     1.5438e-39
    1.22207e-39
    9.67389e-40
    7.65783e-40
    6.06193e-40
    4.79861e-40
    3.79857e-40
    3.00694e-40
    2.38029e-40
    1.88423e-40
    1.49156e-40
    1.18071e-40
     9.3465e-41
    7.39868e-41
    5.85678e-41
    4.63622e-41
    3.67002e-41
    2.90518e-41
    2.29974e-41
    1.82047e-41
    1.44108e-41
    1.14076e-41
     9.0302e-42
    7.14829e-42
    5.65857e-42
    4.47932e-42
    3.54582e-42
    2.80686e-42
    2.22191e-42
    1.75886e-42
    1.39231e-42
    1.10215e-42
     8.7246e-43
    6.90638e-43
    5.46708e-43
    4.32773e-43
    3.42582e-43
    2.71188e-43
    2.14672e-43
    1.69934e-43
    1.34519e-43
    1.06485e-43
    8.42934e-44
    6.67265e-44
    5.28206e-44
    4.18127e-44
    3.30989e-44
     2.6201e-44
    2.07407e-44
    1.64183e-44
    1.29967e-44
    1.02881e-44
    8.14408e-45
    6.44684e-45
    5.10331e-45
    4.03977e-45
    3.19787e-45
    2.53143e-45
    2.00388e-45
    1.58627e-45
    1.25568e-45
    9.93998e-46
    7.86847e-46
    6.22867e-46
     4.9306e-46
    3.90306e-46
    3.08965e-46
    2.44576e-46
    1.93606e-46
    1.53258e-46
    1.21319e-46
    9.60359e-47
    7.60218e-47
    6.01788e-47
    4.76374e-47
    3.77097e-47
    2.98509e-47
    2.36299e-47
    1.87054e-47
    1.48072e-47
    1.17213e-47
    9.27859e-48
    7.34491e-48
    5.81422e-48
    4.60253e-48
    3.64335e-48
    2.88407e-48
    2.28303e-48
    1.80724e-48
    1.43061e-48
    1.13247e-48
    8.96458e-49
    7.09635e-49
    5.61746e-49
    4.44677e-49
    3.52005e-49
    2.78647e-49
    2.20576e-49
    1.74608e-49
    1.38219e-49
    1.09414e-49
     8.6612e-50
    6.85619e-50
    5.42735e-50
    4.29628e-50
    3.40093e-50
    2.69217e-50
    2.13112e-50
    1.68699e-50
    1.33542e-50
    1.05711e-50
    8.36809e-51
    6.62417e-51
    5.24368e-51
    4.15089e-51
    3.28583e-51
    2.60106e-51
      2.059e-51
     1.6299e-51
    1.29022e-51
    1.02134e-51
     8.0849e-52
    6.39999e-52
    5.06622e-52
    4.01041e-52
    3.17464e-52
    2.51304e-52
    1.98931e-52
    1.57474e-52
    1.24656e-52
    9.86775e-53
    7.81129e-53
     6.1834e-53
    4.89477e-53
    3.87469e-53
     3.0672e-53
    2.42799e-53
    1.92199e-53
