              0
              0
              0
              0
              0
              0
              0
              0
              0
     0.00441644
     0.00970448
    2.95747e-05
    8.36541e-07
     0.00363273
        0.01179
     0.00921032
    0.000451474
     0.00595823
    0.000937079
     0.00250117
      0.0198722
    0.000911524
      0.0111491
     0.00992441
    0.000628443
    0.000369607
     0.00900049
    0.000443166
    0.000576779
    0.000566446
     0.00158984
     0.00411664
    0.000421869
    0.000484289
     0.00493881
    0.000457518
    0.000345419
    0.000248822
     0.00485261
    0.000163023
    0.000164991
    0.000159543
     0.00149083
     0.00311032
     0.00156855
    0.000108096
     0.00317001
    0.000108713
    6.33479e-05
    5.84419e-05
     0.00183702
    0.000564521
    8.77128e-05
       0.823951
    0.000125991
    7.51767e-05
    8.25393e-05
     0.00255526
    5.22402e-05
    6.90235e-05
    4.35631e-05
     0.00125456
    3.84104e-05
     4.8721e-05
    3.76303e-05
    6.15585e-05
    3.60931e-05
     4.2135e-05
    2.95619e-05
     0.00144498
    4.06006e-05
    0.000108735
    1.98914e-05
     0.00084496
    0.000104525
    2.30922e-05
    1.91405e-05
    4.04612e-05
    2.13663e-05
    2.62911e-05
    1.85522e-05
    0.000982105
    2.90912e-05
    1.12828e-05
     1.3846e-05
    0.000572262
    9.07429e-06
     1.4759e-05
    1.04818e-05
    2.53266e-05
    1.26671e-05
    1.54303e-05
    1.08033e-05
    0.000664592
    1.63954e-05
    6.12141e-06
    6.37336e-06
    0.000387372
    5.46411e-06
    8.61805e-06
    6.09841e-06
     1.6575e-05
    8.29895e-06
    1.02457e-05
    7.13924e-06
    0.000451729
    1.09931e-05
    4.03963e-06
    4.22596e-06
    0.000263321
    3.63469e-06
    5.79771e-06
    4.10308e-06
    1.12386e-05
    5.61884e-06
    6.94872e-06
    0.000306524
    5.47954e-06
    7.46567e-06
    2.73901e-06
    0.000178813
    3.10701e-06
    4.75498e-06
    3.62175e-06
    7.83451e-06
    4.00693e-06
    4.75606e-06
    3.33033e-06
    0.000208915
    5.13897e-06
    1.91106e-06
    1.98957e-06
    0.000121784
    1.70618e-06
    2.70296e-06
    1.91387e-06
    5.21139e-06
    2.60893e-06
    3.22044e-06
      2.243e-06
    0.000142037
    3.45522e-06
    1.26929e-06
    1.32796e-06
    8.27959e-05
    1.14245e-06
     1.8227e-06
    1.28992e-06
    3.53364e-06
    1.76663e-06
    2.18479e-06
    1.52172e-06
     9.6582e-05
    2.34738e-06
    8.61175e-07
    9.01483e-07
    5.62999e-05
    7.75792e-07
    1.23857e-06
     8.7647e-07
    2.40234e-06
    1.20089e-06
    1.48534e-06
    6.55387e-05
    1.17136e-06
    1.59607e-06
    5.85483e-07
    3.82326e-05
    6.64222e-07
     1.0166e-06
    7.74317e-07
    1.67508e-06
    8.56699e-07
    1.01688e-06
    7.12046e-07
     4.4669e-05
    1.09877e-06
    4.08598e-07
    4.25387e-07
     2.6039e-05
    3.64798e-07
    5.77925e-07
    4.09207e-07
    1.11426e-06
    5.57823e-07
    6.88572e-07
    4.79582e-07
    3.03694e-05
    7.38774e-07
    2.71392e-07
    2.83937e-07
    1.77029e-05
    2.44271e-07
    3.89718e-07
    2.75803e-07
     7.5554e-07
    3.77729e-07
    4.67139e-07
    3.25366e-07
    2.06506e-05
    5.01902e-07
    1.84131e-07
     1.9275e-07
    1.20377e-05
    1.65875e-07
    2.64823e-07
    1.87401e-07
    5.13653e-07
    2.56766e-07
    3.17587e-07
    1.40131e-05
    2.50453e-07
    3.41262e-07
    1.25184e-07
    8.17465e-06
     1.4202e-07
    2.17363e-07
     1.6556e-07
    3.58154e-07
    1.83174e-07
    2.17423e-07
    1.52245e-07
    9.55084e-06
    2.34931e-07
    8.73639e-08
    9.09537e-08
    5.56749e-06
    7.79988e-08
    1.23568e-07
    8.74941e-08
    2.38245e-07
     1.1927e-07
    1.47226e-07
    1.02541e-07
    6.49341e-06
     1.5796e-07
    5.80272e-08
    6.07095e-08
    3.78512e-06
    5.22285e-08
    8.33271e-08
    5.89706e-08
    1.61545e-07
    8.07636e-08
    9.98806e-08
    6.95676e-08
    4.41537e-06
    1.07314e-07
    3.93698e-08
    4.12125e-08
    2.57383e-06
    3.54664e-08
    5.66229e-08
     4.0069e-08
    1.09826e-07
    5.49002e-08
    6.79044e-08
    2.99619e-06
    5.35502e-08
    7.29664e-08
    2.67661e-08
    1.74785e-06
    3.03658e-08
    4.64753e-08
    3.53989e-08
    7.65783e-08
    3.91651e-08
     4.6488e-08
    3.25521e-08
     2.0421e-06
    5.02316e-08
    1.86796e-08
    1.94471e-08
    1.19041e-06
    1.66772e-08
    2.64206e-08
    1.87074e-08
    5.09401e-08
    2.55016e-08
     3.1479e-08
    2.19247e-08
    1.38838e-06
     3.3774e-08
     1.2407e-08
    1.29805e-08
    8.09312e-07
    1.11672e-08
    1.78165e-08
    1.26087e-08
    3.45405e-08
    1.72684e-08
    2.13559e-08
    1.48745e-08
    9.44067e-07
    2.29451e-08
     8.4178e-09
     8.8118e-09
    5.50319e-07
     7.5832e-09
    1.21068e-08
     8.5673e-09
    2.34823e-08
    1.17384e-08
    1.45189e-08
    1.01123e-08
    6.41964e-07
    1.56012e-08
    5.72296e-09
    5.99111e-09
    3.74216e-07
    5.15599e-09
    8.23212e-09
    5.82538e-09
    1.59677e-08
    7.98188e-09
    9.87267e-09
    4.35626e-07
    7.78573e-09
    1.06087e-08
    3.89154e-09
    2.54126e-07
    4.41494e-09
    6.75716e-09
    5.14674e-09
     1.1134e-08
    5.69433e-09
    6.75904e-09
    4.73285e-09
    2.96908e-07
    7.30333e-09
    2.71589e-09
    2.82748e-09
    1.73077e-07
    2.42475e-09
    3.84138e-09
    2.71994e-09
    7.40635e-09
    3.70776e-09
    4.57683e-09
    3.18771e-09
    2.01861e-07
    4.91052e-09
     1.8039e-09
    1.88728e-09
    1.17669e-07
    1.62363e-09
     2.5904e-09
    1.83322e-09
    5.02196e-09
    2.51071e-09
      3.105e-09
    2.16266e-09
    1.37261e-07
    3.33607e-09
    1.22389e-09
    1.28118e-09
    8.00128e-08
    1.10255e-09
    1.76024e-09
    1.24563e-09
    3.41418e-09
    1.70669e-09
    2.11095e-09
    9.31428e-08
    1.66472e-09
    2.26832e-09
    8.32081e-10
    5.43357e-08
    9.43984e-10
    1.44478e-09
    1.10045e-09
     2.3806e-09
    1.21753e-09
    1.44518e-09
    1.01195e-09
     6.3483e-08
    1.56155e-09
    5.80695e-10
    6.04555e-10
    3.70063e-08
    5.18446e-10
     8.2134e-10
     5.8156e-10
    1.58358e-09
    7.92771e-10
     9.7859e-10
    6.81576e-10
    4.31607e-08
    1.04994e-09
    3.85698e-10
    4.03527e-10
    2.51591e-08
    3.47155e-10
    5.53863e-10
    3.91968e-10
    1.07376e-09
    5.36824e-10
    6.63892e-10
    4.62406e-10
    2.93483e-08
    7.13297e-10
    2.61685e-10
    2.73933e-10
    1.71078e-08
     2.3574e-10
    3.76364e-10
    2.66332e-10
    7.29998e-10
    3.64913e-10
    4.51351e-10
    1.99152e-08
     3.5594e-10
    4.84997e-10
     1.7791e-10
    1.16177e-08
    2.01837e-10
    3.08914e-10
    2.35291e-10
    5.09004e-10
    2.60325e-10
    3.08999e-10
    2.16369e-10
    1.35735e-08
    3.33882e-10
    1.24161e-10
    1.29262e-10
    7.91246e-09
    1.10851e-10
    1.75614e-10
    1.24346e-10
    3.38591e-10
    1.69505e-10
    2.09236e-10
     1.4573e-10
    9.22835e-09
    2.24491e-10
    8.24676e-11
    8.62797e-11
    5.37937e-09
    7.42265e-11
    1.18423e-10
    8.38082e-11
    2.29585e-10
     1.1478e-10
    1.41949e-10
    9.88687e-11
    6.27507e-09
    1.52513e-10
    5.59518e-11
    5.85707e-11
    3.65789e-09
    5.04044e-11
    8.04718e-11
    5.69455e-11
    1.56084e-10
    7.80234e-11
     9.6505e-11
    4.25815e-09
    7.61049e-11
    1.03699e-10
    3.80397e-11
    2.48403e-09
    4.31555e-11
    6.60501e-11
    5.03086e-11
    1.08832e-10
     5.5661e-11
    6.60682e-11
    4.62627e-11
    2.90221e-09
    7.13885e-11
    2.65472e-11
     2.7638e-11
    1.69179e-09
    2.37015e-11
    3.75487e-11
    2.65868e-11
    7.23954e-11
    3.62426e-11
    4.47375e-11
    3.11592e-11
    1.97315e-09
    4.79992e-11
    1.76327e-11
    1.84478e-11
    1.15018e-09
    1.58706e-11
    2.53206e-11
    1.79194e-11
    4.90885e-11
    2.45416e-11
    3.03507e-11
    2.11395e-11
     1.3417e-09
    3.26093e-11
    1.19633e-11
    1.25232e-11
    7.82107e-10
    1.07771e-11
     1.7206e-11
    1.21757e-11
    3.33728e-11
    1.66825e-11
    2.06341e-11
    1.43715e-11
    9.12352e-10
    2.21723e-11
    8.13341e-12
     8.5145e-12
    5.31832e-10
    7.32763e-12
    1.16994e-11
    8.27897e-12
    2.26931e-11
    1.13438e-11
    1.40309e-11
    6.19106e-10
     1.1065e-11
     1.5077e-11
    5.53062e-12
    3.61161e-10
    6.27446e-12
     9.6032e-12
    7.31449e-12
    1.58234e-11
    8.09271e-12
    9.60586e-12
    6.72627e-12
    4.21962e-10
    1.03794e-11
    3.85978e-12
    4.01838e-12
    2.45975e-10
    3.44603e-12
    5.45932e-12
    3.86554e-12
    1.05258e-11
    5.26943e-12
    6.50454e-12
    4.53034e-12
    2.86883e-10
    6.97877e-12
    2.56368e-12
    2.68218e-12
    1.67229e-10
    2.30749e-12
    3.68144e-12
    2.60536e-12
    7.13715e-12
    3.56819e-12
    4.41279e-12
    3.07354e-12
    1.95074e-10
    4.74118e-12
    1.73938e-12
    1.82079e-12
    1.13713e-10
    1.56693e-12
    2.50163e-12
    1.77027e-12
    4.85219e-12
    2.42552e-12
    3.00006e-12
    1.32373e-10
    2.36588e-12
     3.2237e-12
    1.18254e-12
    7.72212e-11
    1.34158e-12
    2.05331e-12
    1.56395e-12
    3.38328e-12
    1.73034e-12
    2.05387e-12
    1.43817e-12
    9.02213e-11
    2.21926e-12
    8.25277e-13
    8.59187e-13
    5.25929e-11
     7.3681e-13
    1.16728e-12
    8.26506e-13
    2.25056e-12
    1.12668e-12
    1.39076e-12
    9.68648e-13
    6.13395e-11
    1.49216e-12
     5.4815e-13
    5.73488e-13
    3.57559e-11
    4.93372e-13
    7.87143e-13
    5.57061e-13
    1.52602e-12
    7.62927e-13
    9.43515e-13
    6.57165e-13
    7.44028e-13
    1.01373e-12
    3.71903e-13
    3.89311e-13
    4.21883e-13
     3.3503e-13
    2.24251e-13
    1.10974e-13
    8.46035e-14
    5.91201e-14
    5.47563e-14
    4.93037e-14
    4.31948e-14
    3.46521e-14
    2.79969e-14
    2.25275e-14
    1.87439e-14
    1.48592e-14
    1.15273e-14
    9.01448e-15
     6.8261e-15
    5.20599e-15
    4.08619e-15
    3.30641e-15
    2.61932e-15
    2.13798e-15
    1.71254e-15
    1.37673e-15
    1.09915e-15
    8.65886e-16
    6.77728e-16
    5.29817e-16
    4.13865e-16
    3.22648e-16
     2.5358e-16
    1.99888e-16
    1.58753e-16
    1.26288e-16
    1.00685e-16
    8.02298e-17
    6.38952e-17
    5.08257e-17
    4.02939e-17
    3.18418e-17
    2.51142e-17
    1.98006e-17
    1.56143e-17
    1.23363e-17
    9.76587e-18
    7.74513e-18
    6.14493e-18
    4.87871e-18
    3.87096e-18
    3.06957e-18
    2.43155e-18
    1.92438e-18
    1.52159e-18
    1.20256e-18
    9.50189e-19
    7.50957e-19
    5.93805e-19
    4.69863e-19
    3.72026e-19
    2.94678e-19
    2.33455e-19
    1.84938e-19
    1.46472e-19
    1.15972e-19
    9.17946e-20
    7.26404e-20
    5.74765e-20
    4.54787e-20
    3.59894e-20
    2.84855e-20
    2.25506e-20
    1.78555e-20
    1.41394e-20
    1.11971e-20
    8.86649e-21
    7.02027e-21
    5.55769e-21
    4.39926e-21
    3.48193e-21
    2.75575e-21
    2.18101e-21
    1.72621e-21
    1.36634e-21
    1.08156e-21
    8.56193e-22
    6.77811e-22
    5.36598e-22
      4.248e-22
    3.36284e-22
    2.66202e-22
    2.10718e-22
    1.66794e-22
    1.32025e-22
    1.04504e-22
    8.27221e-23
    6.54818e-23
    5.18359e-23
    4.10346e-23
    3.24845e-23
    2.57159e-23
    2.03575e-23
    1.61154e-23
     1.2757e-23
    1.00984e-23
    7.99376e-24
    6.32773e-24
    5.00892e-24
      3.965e-24
    3.13867e-24
    2.48457e-24
    1.96679e-24
    1.55692e-24
    1.23247e-24
    9.75628e-25
    7.72307e-25
    6.11355e-25
    4.83945e-25
    3.83086e-25
    3.03247e-25
    2.40048e-25
    1.90021e-25
     1.5042e-25
    1.19072e-25
    9.42577e-26
    7.46146e-26
    5.90651e-26
     4.6756e-26
    3.70121e-26
    2.92987e-26
    2.31928e-26
    1.83594e-26
    1.45332e-26
    1.15044e-26
    9.10689e-27
      7.209e-27
    5.70663e-27
    4.51737e-27
    3.57595e-27
    2.83072e-27
    2.24079e-27
    1.77381e-27
    1.40414e-27
    1.11152e-27
    8.79873e-28
    6.96505e-28
    5.51351e-28
    4.36448e-28
    3.45492e-28
    2.73491e-28
    2.16495e-28
    1.71377e-28
    1.35662e-28
     1.0739e-28
    8.50095e-29
    6.72934e-29
    5.32693e-29
    4.21679e-29
      3.338e-29
    2.64236e-29
    2.09168e-29
    1.65577e-29
    1.31071e-29
    1.03755e-29
    8.21326e-30
     6.5016e-30
    5.14666e-30
    4.07409e-30
    3.22504e-30
    2.55294e-30
     2.0209e-30
    1.59974e-30
    1.26635e-30
    1.00244e-30
    7.93531e-31
    6.28157e-31
    4.97248e-31
    3.93621e-31
     3.1159e-31
    2.46654e-31
    1.95251e-31
     1.5456e-31
     1.2235e-31
    9.68517e-32
    7.66676e-32
    6.06899e-32
    4.80421e-32
      3.803e-32
    3.01045e-32
    2.38307e-32
    1.88643e-32
     1.4933e-32
    1.18209e-32
     9.3574e-33
     7.4073e-33
    5.86361e-33
    4.64162e-33
     3.6743e-33
    2.90857e-33
    2.30242e-33
    1.82259e-33
    1.44276e-33
    1.14209e-33
    9.04073e-34
    7.15663e-34
    5.66517e-34
    4.48454e-34
    3.54995e-34
    2.81014e-34
     2.2245e-34
    1.76091e-34
    1.39393e-34
    1.10344e-34
    8.73478e-35
    6.91443e-35
    5.47345e-35
    4.33278e-35
    3.42982e-35
    2.71504e-35
    2.14922e-35
    1.70132e-35
    1.34676e-35
    1.06609e-35
    8.43917e-36
    6.68044e-36
    5.28822e-36
    4.18615e-36
    3.31375e-36
    2.62316e-36
    2.07649e-36
    1.64374e-36
    1.30118e-36
    1.03001e-36
    8.15358e-37
    6.45436e-37
    5.10926e-37
    4.04448e-37
     3.2016e-37
    2.53438e-37
    2.00621e-37
    1.58811e-37
    1.25715e-37
    9.95157e-38
    7.87764e-38
    6.23593e-38
    4.93635e-38
    3.90761e-38
    3.09325e-38
    2.44861e-38
    1.93832e-38
    1.53437e-38
     1.2146e-38
    9.61479e-39
    7.61105e-39
    6.02489e-39
     4.7693e-39
    3.77537e-39
    2.98857e-39
    2.36575e-39
    1.87272e-39
    1.48244e-39
     1.1735e-39
    9.28941e-40
    7.35348e-40
      5.821e-40
    4.60789e-40
     3.6476e-40
    2.88743e-40
    2.28569e-40
    1.80935e-40
    1.43228e-40
    1.13379e-40
    8.97503e-41
    7.10462e-41
    5.62401e-41
    4.45195e-41
    3.52416e-41
    2.78972e-41
    2.20834e-41
    1.74811e-41
     1.3838e-41
    1.09542e-41
     8.6713e-42
    6.86419e-42
    5.43368e-42
    4.30129e-42
    3.40489e-42
    2.69531e-42
     2.1336e-42
    1.68896e-42
    1.33697e-42
    1.05835e-42
    8.37785e-43
    6.63189e-43
    5.24979e-43
    4.15573e-43
    3.28967e-43
    2.60409e-43
     2.0614e-43
     1.6318e-43
    1.29173e-43
    1.02253e-43
    8.09433e-44
    6.40746e-44
    5.07213e-44
    4.01509e-44
    3.17834e-44
    2.51597e-44
    1.99163e-44
    1.57657e-44
    1.24801e-44
    9.87925e-45
     7.8204e-45
    6.19061e-45
    4.90048e-45
    3.87921e-45
    3.07078e-45
    2.43082e-45
    1.92423e-45
    1.52322e-45
    1.20578e-45
    9.54492e-46
    7.55574e-46
    5.98111e-46
    4.73464e-46
    3.74793e-46
    2.96686e-46
    2.34856e-46
    1.85911e-46
    1.47167e-46
    1.16497e-46
     9.2219e-47
    7.30004e-47
     5.7787e-47
    4.57441e-47
    3.62109e-47
    2.86645e-47
    2.26908e-47
     1.7962e-47
    1.42187e-47
    1.12555e-47
    8.90982e-48
    7.05299e-48
    5.58314e-48
     4.4196e-48
    3.49855e-48
    2.76945e-48
    2.19229e-48
    1.73541e-48
    1.37375e-48
    1.08746e-48
    8.60829e-49
    6.81431e-49
    5.39419e-49
    4.27003e-49
    3.38015e-49
    2.67572e-49
     2.1181e-49
    1.67668e-49
    1.32726e-49
    1.05066e-49
    8.31697e-50
     6.5837e-50
    5.21164e-50
    4.12553e-50
    3.26576e-50
    2.58517e-50
    2.04642e-50
    1.61994e-50
    1.28234e-50
     1.0151e-50
    8.03551e-51
    6.36089e-51
    5.03527e-51
    3.98591e-51
    3.15524e-51
    2.49768e-51
    1.97716e-51
    1.56512e-51
    1.23894e-51
    9.80746e-52
    7.76357e-52
    6.14563e-52
    4.86487e-52
    3.85102e-52
    3.04846e-52
    2.41316e-52
    1.91025e-52
    1.51215e-52
    1.19702e-52
    9.47556e-53
    7.50084e-53
    5.93765e-53
    4.70023e-53
     3.7207e-53
     2.9453e-53
    2.33149e-53
     1.8456e-53
