              0
              0
              0
              0
              0
              0
              0
              0
              0
              0
     0.00373016
              0
      0.0078803
     0.00905318
    2.16311e-05
     0.00422972
     0.00190424
    0.000329826
    0.000602189
     0.00599142
     0.00512022
     0.00207027
      0.0102733
      0.0437953
     0.00405109
     0.00673022
    0.000549861
    0.000629525
     0.00312269
     0.00115798
    0.000547836
     0.00344893
    0.000389815
    0.000423872
     0.00065859
    0.000391145
     0.00259588
      0.0045012
    0.000312071
    0.000327782
    0.000153924
      0.0015046
    0.000162593
    0.000211868
     0.00380845
    0.000175358
    0.000826808
     0.00147148
     0.00154335
     0.00294596
    8.09841e-05
    7.74756e-05
    0.000465188
    0.000118286
    5.73967e-05
     0.00011744
    7.64559e-05
    0.000363228
    0.000131689
     0.00105534
     0.00198168
    3.24886e-05
    4.20941e-05
    4.73476e-05
     2.6332e-05
       0.560311
    5.70454e-05
    2.84363e-05
    0.000151027
    6.87911e-05
    2.77778e-05
    0.000745861
       0.001336
    3.23249e-05
    2.24445e-05
    1.58076e-05
    3.45574e-05
    1.73434e-05
    3.08476e-05
     1.2635e-05
     2.9513e-05
    4.12287e-05
    1.60182e-05
    0.000474114
    0.000903261
    1.56884e-05
    1.64055e-05
    1.13702e-05
    2.48201e-05
    1.22305e-05
    2.23666e-05
    9.64184e-06
    1.94059e-05
    2.72025e-05
    9.59691e-06
    0.000321492
    0.000612836
    9.00978e-06
    8.79269e-06
    5.41463e-06
    1.50926e-05
     6.8898e-06
    1.35152e-05
    4.74957e-06
    1.27664e-05
    1.81139e-05
    6.23856e-06
    0.000218386
    0.000416533
    5.97402e-06
    5.88039e-06
    3.59781e-06
    1.01966e-05
    4.62322e-06
    9.15324e-06
    3.20714e-06
    8.66439e-06
    1.23041e-05
    0.000148454
    0.000285216
    2.28901e-06
    4.24899e-06
    5.03346e-06
    2.53352e-06
     8.0778e-06
    6.28092e-06
     2.2945e-06
    5.96796e-06
    8.44556e-06
    2.92088e-06
    0.000100967
    0.000192665
     2.7764e-06
     2.7364e-06
    1.71095e-06
    4.73814e-06
    2.16628e-06
    4.24847e-06
    1.49412e-06
    4.01616e-06
     5.6988e-06
    1.96128e-06
    6.86671e-05
    0.000130971
    1.87787e-06
    1.84839e-06
    1.13079e-06
    3.20569e-06
    1.45342e-06
    2.87779e-06
     1.0083e-06
    2.72422e-06
     3.8687e-06
    1.33029e-06
     4.6691e-05
    8.90579e-05
    1.27513e-06
    1.25539e-06
    7.67651e-07
    2.17884e-06
     9.8743e-07
    1.95624e-06
    6.85072e-07
    1.85206e-06
    2.63039e-06
    3.17412e-05
    6.09829e-05
     4.8922e-07
    9.08332e-07
     1.0761e-06
    5.41599e-07
    1.72706e-06
    1.34288e-06
    4.90547e-07
    1.27599e-06
    1.80575e-06
    6.24501e-07
    2.15881e-05
    4.11944e-05
    5.93621e-07
     5.8507e-07
    3.65817e-07
    1.01307e-06
    4.63177e-07
    9.08377e-07
     3.1946e-07
    8.58708e-07
    1.21848e-06
    4.19348e-07
     1.4682e-05
    2.80035e-05
    4.01515e-07
    3.95211e-07
    2.41777e-07
    6.85419e-07
    3.10761e-07
     6.1531e-07
    2.15589e-07
    5.82475e-07
     8.2718e-07
    2.84435e-07
    9.98318e-06
    1.90418e-05
    2.72641e-07
     2.6842e-07
    1.64134e-07
    4.65867e-07
    2.11126e-07
    4.18272e-07
    1.46478e-07
    3.95996e-07
    5.62413e-07
    6.78671e-06
     1.3039e-05
    1.04602e-07
    1.94214e-07
    2.30084e-07
    1.15801e-07
     3.6927e-07
    2.87127e-07
    1.04886e-07
    2.72825e-07
    3.86093e-07
    1.33527e-07
    4.61583e-06
    8.80794e-06
    1.26924e-07
    1.25096e-07
    7.82167e-08
    2.16609e-07
    9.90336e-08
    1.94224e-07
     6.8305e-08
    1.83604e-07
    2.60528e-07
    8.96624e-08
    3.13921e-06
    5.98753e-06
    8.58494e-08
    8.45015e-08
    5.16953e-08
    1.46552e-07
    6.64451e-08
    1.31562e-07
    4.60958e-08
    1.24541e-07
    1.76863e-07
    6.08162e-08
    2.13454e-06
     4.0714e-06
    5.82944e-08
    5.73919e-08
    3.50942e-08
    9.96087e-08
    4.51417e-08
    8.94323e-08
     3.1319e-08
    8.46693e-08
    1.20252e-07
    1.45109e-06
    2.78791e-06
    2.23653e-08
    4.15256e-08
    4.91952e-08
    2.47599e-08
    7.89551e-08
    6.13917e-08
     2.2426e-08
    5.83337e-08
    8.25521e-08
    2.85499e-08
    9.86927e-07
    1.88326e-06
    2.71382e-08
    2.67472e-08
    1.67238e-08
    4.63141e-08
    2.11747e-08
    4.15277e-08
    1.46045e-08
     3.9257e-08
    5.57044e-08
     1.9171e-08
    6.71206e-07
    1.28022e-06
    1.83558e-08
    1.80676e-08
    1.10532e-08
    3.13349e-08
    1.42069e-08
    2.81297e-08
    9.85591e-09
    2.66286e-08
    3.78156e-08
    1.30033e-08
    4.56394e-07
    8.70521e-07
    1.24641e-08
    1.22712e-08
    7.50362e-09
    2.12977e-08
    9.65191e-09
    1.91219e-08
    6.69642e-09
    1.81035e-08
    2.57115e-08
    8.84008e-09
    3.10346e-07
    5.91953e-07
    8.47453e-09
    8.34351e-09
    5.10177e-09
    1.44819e-08
    6.56284e-09
    1.30025e-08
    4.55327e-09
    1.23101e-08
    1.74836e-08
    2.10979e-07
    4.05344e-07
    3.25168e-09
    6.03748e-09
    7.15259e-09
    3.59988e-09
    1.14795e-08
    8.92592e-09
    3.26057e-09
    8.48132e-09
    1.20025e-08
    4.15095e-09
    1.43493e-07
    2.73813e-07
    3.94571e-09
    3.88887e-09
    2.43153e-09
    6.73375e-09
    3.07866e-09
    6.03785e-09
     2.1234e-09
     5.7077e-09
    8.09905e-09
    2.78734e-09
    9.75888e-08
    1.86135e-07
    2.66881e-09
    2.62691e-09
    1.60706e-09
    4.55588e-09
    2.06558e-09
    4.08988e-09
    1.43298e-09
    3.87163e-09
    5.49814e-09
     1.8906e-09
    6.63567e-08
    1.26568e-07
     1.8122e-09
    1.78415e-09
    1.09098e-09
    3.09654e-09
    1.40332e-09
    2.78019e-09
    9.73616e-10
    2.63212e-09
    3.73828e-09
    4.51102e-08
    8.66681e-08
    6.95274e-10
    1.29091e-09
    1.52933e-09
    7.69714e-10
    2.45448e-09
    1.90849e-09
     6.9716e-10
    1.81343e-09
    2.56631e-09
    8.87533e-10
    3.06807e-08
     5.8545e-08
    8.43647e-10
    8.31494e-10
    5.19895e-10
    1.43977e-09
    6.58261e-10
    1.29097e-09
    4.54013e-10
    1.22039e-09
    1.73169e-09
    5.95972e-10
    2.08658e-08
    3.97982e-08
    5.70628e-10
    5.61669e-10
    3.43611e-10
     9.7411e-10
     4.4165e-10
    8.74472e-10
    3.06392e-10
    8.27807e-10
    1.17558e-09
    4.04236e-10
     1.4188e-08
     2.7062e-08
    3.87474e-10
    3.81475e-10
    2.33266e-10
    6.62084e-10
     3.0005e-10
    5.94443e-10
    2.08172e-10
    5.62784e-10
    7.99295e-10
    9.64519e-09
    1.85308e-08
    1.48659e-10
    2.76014e-10
    3.26993e-10
    1.64575e-10
    5.24802e-10
    4.08062e-10
    1.49062e-10
    3.87735e-10
    5.48711e-10
    1.89767e-10
    6.55996e-09
    1.25177e-08
    1.80383e-10
    1.77785e-10
    1.11161e-10
    3.07843e-10
    1.40745e-10
    2.76028e-10
    9.70742e-11
    2.60935e-10
    3.70259e-10
    1.27427e-10
     4.4614e-09
     8.5094e-09
    1.22008e-10
    1.20093e-10
    7.34688e-11
    2.08278e-10
    9.44309e-11
    1.86974e-10
    6.55108e-11
    1.76997e-10
    2.51355e-10
    8.64312e-11
    3.03359e-09
    5.78622e-09
    8.28473e-11
    8.15646e-11
    4.98754e-11
    1.41563e-10
    6.41548e-11
      1.271e-10
    4.45101e-11
    1.20331e-10
      1.709e-10
    2.06227e-09
    3.96215e-09
    3.17854e-11
    5.90157e-11
    6.99156e-11
    3.51885e-11
     1.1221e-10
    8.72492e-11
    3.18716e-11
    8.29032e-11
    1.17322e-10
    4.05747e-11
    1.40261e-09
    2.67646e-09
    3.85685e-11
    3.80129e-11
    2.37677e-11
     6.5821e-11
    3.00933e-11
    5.90186e-11
    2.07558e-11
    5.57915e-11
    7.91664e-11
    2.72457e-11
    9.53909e-10
    1.81943e-09
     2.6087e-11
    2.56774e-11
    1.57086e-11
    4.45327e-11
    2.01906e-11
    3.99776e-11
    1.40071e-11
    3.78443e-11
    5.37431e-11
    1.84802e-11
    6.48622e-10
    1.23717e-09
    1.77139e-11
    1.74396e-11
    1.06641e-11
     3.0268e-11
    1.37172e-11
    2.71757e-11
    9.51688e-12
    2.57284e-11
    3.65408e-11
    1.25634e-11
    4.41061e-10
    8.41277e-10
    1.20439e-11
    1.18577e-11
    7.25057e-12
    2.05815e-11
    9.32704e-12
     1.8479e-11
    6.47106e-12
     1.7495e-11
    2.48475e-11
    2.99841e-10
     5.7607e-10
    4.62125e-12
    8.58039e-12
    1.01652e-11
    5.11611e-12
    1.63145e-11
    1.26854e-11
    4.63389e-12
    1.20535e-11
    1.70578e-11
    5.89928e-12
     2.0393e-10
     3.8914e-10
    5.60759e-12
    5.52681e-12
    3.45566e-12
    9.56993e-12
    4.37536e-12
    8.58091e-12
    3.01775e-12
    8.11172e-12
    1.15103e-11
    3.96134e-12
    1.38692e-10
    2.64533e-10
    3.79288e-12
    3.73333e-12
    2.28393e-12
    6.47476e-12
    2.93558e-12
    5.81248e-12
    2.03654e-12
    5.50231e-12
     7.8139e-12
     2.6869e-12
    9.43054e-11
    1.79877e-10
    2.57548e-12
    2.53561e-12
    1.55048e-12
    4.40077e-12
    1.99439e-12
    3.95117e-12
    1.38369e-12
    3.74074e-12
    5.31279e-12
    6.41101e-11
    1.23172e-10
    9.88114e-13
    1.83463e-12
    2.17347e-12
    1.09391e-12
    3.48828e-12
    2.71232e-12
    9.90795e-13
    2.57722e-12
     3.6472e-12
    1.26135e-12
     4.3603e-11
    8.32035e-11
    1.19898e-12
    1.18171e-12
    7.38868e-13
    2.04618e-12
    9.35513e-13
    1.83472e-12
    6.45237e-13
     1.7344e-12
    2.46105e-12
    8.46988e-13
    2.96543e-11
    5.65607e-11
     8.1097e-13
    7.98237e-13
    4.88336e-13
    1.38439e-12
    6.27668e-13
    1.24279e-12
     4.3544e-13
    1.17647e-12
    1.67072e-12
    5.74495e-13
    5.79869e-13
    3.10782e-13
    5.50673e-13
    5.15885e-13
    1.63933e-13
    7.60874e-13
    9.04373e-14
    8.23816e-14
    6.66722e-14
     5.6115e-14
    4.52511e-14
    3.91901e-14
    4.02813e-14
    3.12781e-14
     2.8684e-14
    2.57336e-14
    1.88056e-14
    1.52355e-14
    1.10285e-14
    8.59066e-15
    6.87239e-15
    5.38997e-15
    3.99175e-15
    3.24527e-15
    2.66624e-15
    2.09683e-15
    1.69727e-15
    1.36586e-15
     1.0868e-15
     8.6401e-16
    6.69999e-16
    5.27866e-16
    4.03822e-16
    3.14223e-16
    2.43283e-16
     1.9384e-16
    1.52683e-16
    1.22298e-16
    9.77194e-17
    7.78578e-17
    6.22337e-17
    4.96424e-17
     3.9463e-17
    3.12392e-17
    2.46633e-17
    1.94601e-17
    1.53373e-17
    1.21154e-17
    9.57804e-18
    7.59579e-18
    6.03103e-18
    4.79166e-18
    3.80359e-18
    3.01644e-18
    2.38882e-18
    1.88994e-18
    1.49386e-18
    1.18008e-18
    9.31762e-19
    7.35968e-19
      5.816e-19
    4.60052e-19
    3.64127e-19
    2.88434e-19
    2.28515e-19
    1.81066e-19
    1.43427e-19
     1.1358e-19
     8.9909e-20
    7.11523e-20
    5.63007e-20
      4.455e-20
    3.52564e-20
    2.79071e-20
    2.20947e-20
    1.74966e-20
    1.38571e-20
     1.0975e-20
    8.69162e-21
     6.8823e-21
     5.4486e-21
    4.31284e-21
    3.41338e-21
    2.70131e-21
    2.13774e-21
    1.69183e-21
    1.33902e-21
    1.05988e-21
       8.39e-22
    6.64187e-22
    5.25809e-22
    4.16259e-22
    3.29522e-22
    2.60849e-22
    2.06479e-22
    1.63438e-22
    1.29367e-22
      1.024e-22
    8.10569e-23
     6.4164e-23
    5.07934e-23
      4.021e-23
    3.18323e-23
    2.52002e-23
    1.99496e-23
    1.57928e-23
    1.25018e-23
    9.89639e-24
    7.83385e-24
    6.20112e-24
    4.90868e-24
    3.88562e-24
    3.07582e-24
     2.4348e-24
    1.92739e-24
    1.52573e-24
    1.20777e-24
    9.56076e-25
    7.56828e-25
    5.99101e-25
    4.74242e-25
    3.75405e-25
    2.97166e-25
    2.35233e-25
    1.86209e-25
    1.47402e-25
    1.16684e-25
    9.23672e-26
    7.31183e-26
    5.78807e-26
    4.58186e-26
    3.62701e-26
    2.87114e-26
    2.27279e-26
    1.79914e-26
    1.42419e-26
    1.12739e-26
    8.92436e-27
    7.06451e-27
    5.59226e-27
    4.42683e-27
    3.50427e-27
    2.77398e-27
    2.19588e-27
    1.73825e-27
      1.376e-27
    1.08924e-27
    8.62235e-28
    6.82543e-28
    5.40299e-28
    4.27699e-28
    3.38566e-28
    2.68008e-28
    2.12155e-28
    1.67941e-28
    1.32942e-28
    1.05237e-28
    8.33054e-29
    6.59444e-29
    5.22015e-29
    4.13226e-29
    3.27109e-29
    2.58939e-29
    2.04975e-29
    1.62258e-29
    1.28443e-29
    1.01676e-29
    8.04862e-30
    6.37128e-30
    5.04349e-30
    3.99242e-30
    3.16039e-30
    2.50176e-30
    1.98039e-30
    1.56767e-30
    1.24097e-30
    9.82347e-31
    7.77624e-31
    6.15566e-31
    4.87281e-31
    3.85731e-31
    3.05344e-31
    2.41709e-31
    1.91337e-31
    1.51462e-31
    1.19897e-31
    9.49102e-32
    7.51308e-32
    5.94734e-32
     4.7079e-32
    3.72677e-32
     2.9501e-32
     2.3353e-32
    1.84862e-32
    1.46336e-32
    1.15839e-32
    9.16983e-33
    7.25882e-33
    5.74607e-33
    4.54858e-33
    3.60065e-33
    2.85027e-33
    2.25627e-33
    1.78606e-33
    1.41384e-33
    1.11919e-33
     8.8595e-34
    7.01317e-34
    5.55161e-34
    4.39465e-34
    3.47879e-34
    2.75381e-34
    2.17991e-34
    1.72561e-34
    1.36599e-34
    1.08132e-34
    8.55968e-35
    6.77583e-35
    5.36373e-35
    4.24592e-35
    3.36106e-35
    2.66061e-35
    2.10614e-35
    1.66721e-35
    1.31976e-35
    1.04472e-35
    8.27001e-36
    6.54652e-36
    5.18222e-36
    4.10223e-36
    3.24732e-36
    2.57057e-36
    2.03486e-36
    1.61079e-36
     1.2751e-36
    1.00937e-36
    7.99013e-37
    6.32498e-37
    5.00684e-37
    3.96341e-37
    3.13742e-37
    2.48358e-37
      1.966e-37
    1.55628e-37
    1.23195e-37
    9.75208e-38
    7.71973e-38
    6.11093e-38
     4.8374e-38
    3.82928e-38
    3.03125e-38
    2.39953e-38
    1.89946e-38
    1.50361e-38
    1.19026e-38
    9.42205e-39
    7.45848e-39
    5.90412e-39
    4.67369e-39
    3.69969e-39
    2.92866e-39
    2.31833e-39
    1.83518e-39
    1.45273e-39
    1.14998e-39
    9.10319e-40
    7.20607e-40
    5.70431e-40
    4.51553e-40
    3.57448e-40
    2.82955e-40
    2.23987e-40
    1.77308e-40
    1.40356e-40
    1.11106e-40
    8.79512e-41
    6.96221e-41
    5.51127e-41
    4.36271e-41
    3.45351e-41
     2.7338e-41
    2.16407e-41
    1.71307e-41
    1.35607e-41
    1.07346e-41
    8.49748e-42
    6.72659e-42
    5.32476e-42
    4.21507e-42
    3.33664e-42
    2.64128e-42
    2.09083e-42
     1.6551e-42
    1.31017e-42
    1.03713e-42
    8.20991e-43
    6.49895e-43
    5.14456e-43
    4.07242e-43
    3.22372e-43
    2.55189e-43
    2.02007e-43
    1.59909e-43
    1.26583e-43
    1.00203e-43
    7.93207e-44
    6.27901e-44
    4.97046e-44
     3.9346e-44
    3.11463e-44
    2.46553e-44
    1.95171e-44
    1.54497e-44
      1.223e-44
    9.68122e-45
    7.66363e-45
    6.06652e-45
    4.80225e-45
    3.80145e-45
    3.00922e-45
    2.38209e-45
    1.88566e-45
    1.49269e-45
    1.18161e-45
    9.35359e-46
    7.40428e-46
    5.86122e-46
    4.63973e-46
     3.6728e-46
    2.90738e-46
    2.30148e-46
    1.82185e-46
    1.44217e-46
    1.14162e-46
    9.03704e-47
    7.15371e-47
    5.66286e-47
    4.48271e-47
    3.54851e-47
    2.80899e-47
    2.22359e-47
    1.76019e-47
    1.39337e-47
    1.10299e-47
    8.73121e-48
    6.91161e-48
    5.47122e-48
    4.33101e-48
    3.42842e-48
    2.71393e-48
    2.14834e-48
    1.70062e-48
    1.34621e-48
    1.06566e-48
    8.43573e-49
    6.67771e-49
    5.28606e-49
    4.18444e-49
    3.31239e-49
    2.62209e-49
    2.07564e-49
    1.64307e-49
    1.30065e-49
    1.02959e-49
    8.15025e-50
    6.45172e-50
    5.10717e-50
    4.04283e-50
     3.2003e-50
    2.53335e-50
    2.00539e-50
    1.58747e-50
    1.25664e-50
    9.94751e-51
    7.87443e-51
    6.23339e-51
    4.93434e-51
    3.90601e-51
    3.09199e-51
    2.44762e-51
    1.93753e-51
    1.53374e-51
    1.21411e-51
    9.61087e-52
    7.60795e-52
    6.02244e-52
    4.76735e-52
    3.77383e-52
    2.98735e-52
    2.36478e-52
    1.87196e-52
    1.48184e-52
    1.17302e-52
    9.28562e-53
    7.35048e-53
    5.81863e-53
    4.60601e-53
    3.64611e-53
    2.88626e-53
