              0
              0
              0
              0
              0
              0
              0
              0
      0.0045784
              0
     0.00398141
              0
    6.12148e-05
     0.00396069
      0.0114488
    0.000156531
     0.00426583
     0.00441011
     0.00155151
      0.0269328
     0.00512745
     0.00818569
      0.0174398
    0.000738358
    0.000462656
    0.000548904
     0.00801275
    0.000585197
     0.00166533
      0.0129504
    0.000466184
     0.00115545
     0.00267165
    0.000644447
    0.000506663
    0.000430124
    0.000386892
     0.00151152
     0.00347866
     0.00017099
    0.000140211
    0.000229667
    0.000808586
     0.00248879
        1.78459
    0.000178901
    0.000113587
    0.000137721
      8.575e-05
    9.50821e-05
     0.00230938
    4.32764e-05
    3.95145e-05
    0.000435384
    4.49274e-05
     0.00107741
    6.13702e-05
    0.000500603
    6.60303e-05
    0.000103465
    6.56792e-05
     0.00158785
    3.90336e-05
    3.52326e-05
    2.55947e-05
    2.78261e-05
    2.35765e-05
    0.000694376
    5.66453e-05
    4.36861e-05
     5.8107e-05
    3.11865e-05
     0.00015991
     0.00105944
    1.79332e-05
    1.31904e-05
    6.49526e-05
    2.27251e-05
    1.34147e-05
    0.000467595
    3.73957e-05
    2.56614e-05
     3.4555e-05
    2.25962e-05
    2.43563e-05
     0.00072088
    1.24327e-05
    8.41188e-06
    9.46016e-06
    4.76594e-06
    6.79703e-06
    0.000316284
    2.20584e-05
    1.53968e-05
    2.13372e-05
     1.2747e-05
    1.47763e-05
    0.000488699
    5.67267e-06
    3.74417e-06
    5.60376e-06
    2.81976e-06
    4.30444e-06
    0.000214789
    1.47728e-05
    1.02816e-05
    1.43492e-05
    8.53331e-06
      9.916e-06
    0.000332187
    3.75015e-06
    2.45846e-06
    3.75221e-06
    1.87618e-06
    0.000145226
    3.70461e-06
    1.00261e-05
    6.97696e-06
    1.07892e-05
    6.38502e-06
    0.000227571
    3.70482e-06
    2.80138e-06
    1.84595e-06
    2.35336e-06
    2.14196e-06
    9.93825e-05
    6.79146e-06
    4.87204e-06
     6.6771e-06
    4.00924e-06
    4.62918e-06
    0.000153627
    1.76715e-06
    1.17067e-06
     1.7572e-06
    8.86978e-07
    1.35134e-06
    6.75358e-05
    4.64239e-06
     3.2309e-06
    4.50964e-06
    2.68197e-06
    3.11659e-06
    0.000104449
    1.17837e-06
    7.72598e-07
    1.17951e-06
    5.89771e-07
    9.10802e-07
    4.59176e-05
    3.15245e-06
     2.1937e-06
    3.06421e-06
    1.82147e-06
    2.11756e-06
    7.10241e-05
    8.00114e-07
    5.24314e-07
    8.01238e-07
    4.00356e-07
    3.10508e-05
    7.91622e-07
    2.14335e-06
    1.49148e-06
    2.30665e-06
    1.36502e-06
    4.86577e-05
    7.92021e-07
    5.98877e-07
    3.94613e-07
    5.03119e-07
    4.57933e-07
    2.12493e-05
    1.45208e-06
    1.04168e-06
    1.42764e-06
    8.57217e-07
     9.8977e-07
    3.28476e-05
    3.77834e-07
      2.503e-07
    3.75709e-07
    1.89644e-07
    2.88932e-07
    1.44401e-05
    9.92604e-07
    6.90811e-07
    9.64221e-07
    5.73442e-07
    6.66368e-07
    2.23327e-05
    2.51951e-07
    1.65192e-07
    2.52195e-07
    1.26101e-07
    1.94742e-07
    9.81782e-06
    6.74036e-07
    4.69043e-07
     6.5517e-07
    3.89455e-07
    4.52762e-07
    1.51859e-05
    1.71075e-07
    1.12106e-07
    1.71316e-07
    8.56017e-08
    6.63909e-06
     1.6926e-07
    4.58279e-07
    3.18898e-07
    4.93194e-07
     2.9186e-07
    1.04037e-05
    1.69345e-07
    1.28048e-07
    8.43737e-08
    1.07574e-07
    9.79123e-08
    4.54339e-06
    3.10474e-07
    2.22727e-07
    3.05248e-07
    1.83285e-07
    2.11627e-07
    7.02326e-06
    8.07861e-08
    5.35176e-08
    8.03318e-08
    4.05486e-08
    6.17776e-08
    3.08749e-06
    2.12232e-07
    1.47705e-07
    2.06164e-07
     1.2261e-07
    1.42479e-07
    4.77504e-06
    5.38707e-08
    3.53203e-08
    5.39228e-08
    2.69621e-08
    4.16385e-08
    2.09919e-06
    1.44118e-07
    1.00288e-07
    1.40084e-07
    8.32709e-08
    9.68068e-08
    3.24696e-06
    3.65782e-08
    2.39697e-08
    3.66297e-08
    1.83028e-08
    1.41953e-06
    3.61901e-08
    9.79863e-08
    6.81848e-08
    1.05452e-07
    6.24036e-08
    2.22445e-06
    3.62083e-08
    2.73785e-08
    1.80402e-08
    2.30008e-08
     2.0935e-08
     9.7144e-07
    6.63837e-08
     4.7622e-08
    6.52663e-08
    3.91888e-08
    4.52487e-08
    1.50167e-06
    1.72732e-08
    1.14428e-08
     1.7176e-08
    8.66985e-09
    1.32089e-08
    6.60148e-07
    4.53782e-08
    3.15813e-08
    4.40806e-08
    2.62157e-08
    3.04639e-08
    1.02097e-06
    1.15183e-08
    7.55196e-09
    1.15294e-08
    5.76487e-09
    8.90288e-09
    4.48835e-07
    3.08145e-08
    2.14429e-08
     2.9952e-08
    1.78045e-08
    2.06986e-08
    6.94245e-07
    7.82093e-09
    5.12505e-09
    7.83193e-09
    3.91339e-09
    6.04881e-09
    3.05204e-07
    2.09508e-08
    1.45789e-08
    2.03656e-08
    1.21056e-08
     1.4074e-08
    4.72086e-07
    5.31751e-09
    3.48445e-09
    5.32524e-09
    2.66073e-09
     2.0639e-07
    5.26156e-09
    1.42464e-08
    9.91348e-09
    1.53319e-08
    9.07299e-09
     3.2342e-07
    5.26439e-09
     3.9806e-09
     2.6229e-09
    3.34413e-09
    3.04379e-09
    1.41241e-07
    9.65173e-09
    6.92391e-09
    9.48928e-09
    5.69779e-09
    6.57885e-09
    2.18333e-07
     2.5114e-09
     1.6637e-09
    2.49728e-09
    1.26054e-09
    1.92049e-09
    9.59811e-08
    6.59769e-09
    4.59171e-09
    6.40903e-09
    3.81158e-09
    4.42925e-09
    1.48442e-07
    1.67468e-09
      1.098e-09
     1.6763e-09
    8.38174e-10
    1.29442e-09
    6.52576e-08
    4.48022e-09
    3.11766e-09
    4.35482e-09
    2.58865e-09
    3.00944e-09
    1.00939e-07
    1.13711e-09
    7.45149e-10
    1.13871e-09
    5.68982e-10
     4.4129e-08
    1.12504e-09
    3.04611e-09
    2.11967e-09
    3.27818e-09
    1.93995e-09
    6.91517e-08
    1.12561e-09
    8.51117e-10
    5.60819e-10
    7.15027e-10
    6.50808e-10
    3.01992e-08
    2.06368e-09
    1.48043e-09
    2.02894e-09
    1.21827e-09
    1.40665e-09
    4.66826e-08
    5.36973e-10
    3.55723e-10
    5.33953e-10
     2.6952e-10
    4.10627e-10
    2.05221e-08
    1.41068e-09
    9.81772e-10
    1.37034e-09
    8.14969e-10
    9.47035e-10
     3.1739e-08
     3.5807e-10
    2.34769e-10
    3.58417e-10
    1.79213e-10
    2.76765e-10
     1.3953e-08
    9.57932e-10
    6.66598e-10
     9.3112e-10
    5.53489e-10
     6.4346e-10
    2.15821e-08
     2.4313e-10
    1.59323e-10
    2.43472e-10
    1.21656e-10
    9.43539e-09
     2.4055e-10
      6.513e-10
    4.53214e-10
    7.00921e-10
    4.14788e-10
    1.47856e-08
    2.40671e-10
     1.8198e-10
    1.19911e-10
    1.52883e-10
    1.39152e-10
    6.45701e-09
    4.41242e-10
    3.16536e-10
    4.33815e-10
    2.60482e-10
    3.00761e-10
    9.98138e-09
    1.14812e-10
    7.60585e-11
    1.14167e-10
    5.76272e-11
    8.77976e-11
     4.3879e-09
    3.01622e-10
    2.09916e-10
    2.92997e-10
    1.74252e-10
    2.02489e-10
    6.78624e-09
    7.65604e-11
    5.01967e-11
    7.66344e-11
    3.83183e-11
    5.91761e-11
    2.98334e-09
    2.04819e-10
    1.42528e-10
    1.99086e-10
    1.18344e-10
    1.37581e-10
    4.61454e-09
    5.19846e-11
    3.40655e-11
    5.20576e-11
    2.60117e-11
    2.01742e-09
    5.14329e-11
    1.39257e-10
    9.69035e-11
    1.49867e-10
    8.86873e-11
    3.16136e-09
    5.14588e-11
    3.89099e-11
    2.56386e-11
    3.26884e-11
    2.97526e-11
     1.3806e-09
    9.43437e-11
    6.76798e-11
    9.27557e-11
    5.56947e-11
    6.43068e-11
    2.13416e-09
    2.45484e-11
    1.62624e-11
    2.44104e-11
    1.23215e-11
    1.87723e-11
    9.38194e-10
     6.4491e-11
     4.4883e-11
    6.26469e-11
    3.72574e-11
    4.32949e-11
    1.45099e-09
    1.63697e-11
    1.07328e-11
    1.63855e-11
    8.19297e-12
    1.26527e-11
    6.37879e-10
    4.37931e-11
    3.04744e-11
    4.25674e-11
    2.53035e-11
    2.94166e-11
    9.86653e-10
     1.1115e-11
    7.28366e-12
    1.11306e-11
    5.56167e-12
     8.5965e-12
    4.33752e-10
     2.9775e-11
    2.07193e-11
    2.89433e-11
    1.72043e-11
    2.00017e-11
    6.70923e-10
    7.55718e-12
    4.95206e-12
    7.56817e-12
     3.7814e-12
    2.93318e-10
    7.47767e-12
    2.02468e-11
    1.40889e-11
    2.17894e-11
    1.28944e-11
    4.59641e-10
    7.48169e-12
    5.65718e-12
    3.72763e-12
    4.75264e-12
    4.32579e-12
     2.0073e-10
    1.37169e-11
    9.84018e-12
     1.3486e-11
    8.09763e-12
    9.34978e-12
    3.10292e-10
    3.56918e-12
    2.36444e-12
     3.5491e-12
    1.79146e-12
    2.72937e-12
    1.36407e-10
    9.37656e-12
    6.52569e-12
    9.10844e-12
    5.41698e-12
     6.2948e-12
    2.10964e-10
    2.38004e-12
    1.56047e-12
    2.38234e-12
     1.1912e-12
    1.83961e-12
    9.27433e-11
    6.36723e-12
    4.43078e-12
    6.18901e-12
    3.67896e-12
    4.27698e-12
    1.43453e-10
    1.61605e-12
      1.059e-12
    1.61832e-12
     8.0863e-13
    6.27156e-11
     1.5989e-12
    4.32909e-12
    3.01245e-12
    4.65892e-12
    2.75703e-12
    9.82776e-11
     1.5997e-12
     1.2096e-12
    7.97029e-13
    1.01619e-12
    9.24921e-13
    4.29188e-11
    2.93287e-12
    2.10397e-12
    2.88351e-12
    1.73139e-12
    1.99911e-12
    6.63447e-11
     7.6314e-13
     5.0555e-13
    7.58848e-13
    3.83039e-13
    5.83578e-13
    2.91657e-11
    2.00484e-12
    1.39528e-12
    1.94751e-12
    1.15822e-12
    1.34591e-12
    4.51071e-11
    5.08885e-13
     3.3365e-13
    5.09378e-13
    2.54696e-13
    3.93335e-13
    5.03002e-13
     1.3614e-12
    9.47361e-13
     1.3233e-12
    6.44883e-13
     6.9237e-13
    4.62863e-13
    3.05339e-13
    1.51384e-13
    2.46754e-13
    1.00098e-13
    7.64889e-14
    6.55105e-14
    6.89263e-14
     5.1462e-14
    4.45508e-14
    3.49737e-14
     2.8179e-14
    2.43105e-14
    1.92822e-14
    1.42635e-14
    1.09278e-14
    8.03912e-15
    6.25244e-15
    4.78342e-15
    3.81074e-15
     3.0723e-15
    2.54725e-15
    2.04678e-15
    1.66635e-15
    1.33761e-15
    1.07864e-15
    8.49321e-16
    6.68669e-16
     5.1908e-16
    4.04147e-16
    3.15562e-16
    2.47934e-16
    1.95736e-16
    1.56457e-16
    1.24478e-16
    9.95636e-17
    7.92091e-17
    6.29921e-17
     4.9862e-17
    3.94353e-17
    3.10733e-17
    2.44733e-17
    1.92618e-17
    1.51892e-17
    1.19938e-17
    9.49778e-18
    7.53426e-18
    5.98569e-18
     4.7551e-18
    3.77607e-18
    2.99429e-18
    2.37177e-18
    1.87595e-18
    1.48293e-18
    1.17174e-18
    9.26172e-19
    7.32305e-19
    5.79457e-19
    4.58773e-19
    3.63444e-19
       2.88e-19
    2.28237e-19
    1.80821e-19
    1.43202e-19
     1.1335e-19
    8.96911e-20
    7.09486e-20
     5.6121e-20
     4.4395e-20
    3.51277e-20
    2.78016e-20
    2.20094e-20
    1.74272e-20
    1.38008e-20
    1.09289e-20
    8.65405e-21
    6.85172e-21
    5.42396e-21
    4.29315e-21
    3.39784e-21
    2.68917e-21
    2.12839e-21
    1.68465e-21
    1.33355e-21
     1.0557e-21
    8.35787e-22
    6.61701e-22
    5.23872e-22
    4.14735e-22
    3.28318e-22
    2.59892e-22
    2.05718e-22
    1.62832e-22
    1.28886e-22
    1.02019e-22
    8.07538e-23
    6.39235e-23
    5.06023e-23
     4.0058e-23
    3.17112e-23
    2.51035e-23
    1.98725e-23
    1.57312e-23
    1.24527e-23
    9.85739e-24
     7.8029e-24
     6.1766e-24
     4.8893e-24
    3.87033e-24
    3.06375e-24
    2.42529e-24
    1.91988e-24
    1.51981e-24
     1.2031e-24
    9.52379e-25
    7.53905e-25
    5.96789e-25
    4.72414e-25
    3.73958e-25
    2.96022e-25
    2.34328e-25
    1.85493e-25
    1.46836e-25
    1.16235e-25
     9.2012e-26
    7.28369e-26
    5.76578e-26
    4.56419e-26
    3.61301e-26
    2.86005e-26
      2.264e-26
    1.79217e-26
    1.41868e-26
    1.12302e-26
    8.88979e-27
    7.03714e-27
     5.5706e-27
    4.40969e-27
    3.49071e-27
    2.76324e-27
    2.18738e-27
    1.73153e-27
    1.37067e-27
    1.08502e-27
    8.58901e-28
    6.79904e-28
     5.3821e-28
    4.26046e-28
    3.37258e-28
    2.66973e-28
    2.11335e-28
    1.67293e-28
    1.32429e-28
     1.0483e-28
    8.29834e-29
    6.56895e-29
    5.19997e-29
    4.11628e-29
    3.25844e-29
    2.57938e-29
    2.04183e-29
    1.61631e-29
    1.27947e-29
    1.01282e-29
     8.0175e-30
    6.34664e-30
    5.02399e-30
    3.97698e-30
    3.14817e-30
    2.49209e-30
    1.97273e-30
    1.56161e-30
    1.23617e-30
    9.78549e-31
    7.74618e-31
    6.13186e-31
    4.85397e-31
    3.84239e-31
    3.04163e-31
    2.40775e-31
    1.90597e-31
    1.50876e-31
    1.19433e-31
    9.45433e-32
    7.48403e-32
    5.92435e-32
     4.6897e-32
    3.71236e-32
     2.9387e-32
    2.32627e-32
    1.84147e-32
     1.4577e-32
    1.15392e-32
    9.13438e-33
    7.23076e-33
    5.72385e-33
    4.53099e-33
    3.58673e-33
    2.83925e-33
    2.24754e-33
    1.77915e-33
    1.40837e-33
    1.11487e-33
    8.82525e-34
    6.98605e-34
    5.53015e-34
    4.37766e-34
    3.46534e-34
    2.74316e-34
    2.17148e-34
    1.71894e-34
    1.36071e-34
    1.07714e-34
    8.52659e-35
    6.74963e-35
      5.343e-35
    4.22951e-35
    3.34807e-35
    2.65033e-35
    2.09799e-35
    1.66077e-35
    1.31466e-35
    1.04068e-35
    8.23803e-36
    6.52121e-36
    5.16218e-36
    4.08637e-36
    3.23477e-36
    2.56063e-36
    2.02699e-36
    1.60456e-36
    1.27017e-36
    1.00546e-36
    7.95924e-37
    6.30052e-37
    4.98748e-37
    3.94808e-37
     3.1253e-37
    2.47398e-37
     1.9584e-37
    1.55026e-37
    1.22719e-37
    9.71438e-38
    7.68989e-38
     6.0873e-38
     4.8187e-38
    3.81447e-38
    3.01953e-38
    2.39025e-38
    1.89212e-38
     1.4978e-38
    1.18566e-38
    9.38563e-39
    7.42965e-39
     5.8813e-39
    4.65562e-39
    3.68538e-39
    2.91734e-39
    2.30936e-39
    1.82809e-39
    1.44711e-39
    1.14553e-39
      9.068e-40
    7.17821e-40
    5.68226e-40
    4.49807e-40
    3.56066e-40
    2.81861e-40
    2.23121e-40
    1.76622e-40
    1.39814e-40
    1.10676e-40
    8.76112e-41
    6.93529e-41
    5.48996e-41
    4.34584e-41
    3.44016e-41
    2.72323e-41
     2.1557e-41
    1.70645e-41
    1.35082e-41
    1.06931e-41
    8.46463e-42
    6.70059e-42
    5.30417e-42
    4.19877e-42
    3.32374e-42
    2.63107e-42
    2.08275e-42
     1.6487e-42
    1.30511e-42
    1.03312e-42
    8.17817e-43
    6.47383e-43
    5.12467e-43
    4.05668e-43
    3.21126e-43
    2.54203e-43
    2.01226e-43
    1.59291e-43
    1.26094e-43
    9.98159e-44
    7.90141e-44
    6.25474e-44
    4.95124e-44
    3.91939e-44
    3.10258e-44
      2.456e-44
    1.94417e-44
      1.539e-44
    1.21827e-44
    9.64379e-45
    7.63401e-45
    6.04307e-45
    4.78368e-45
    3.78675e-45
    2.99759e-45
    2.37288e-45
    1.87837e-45
    1.48692e-45
    1.17704e-45
    9.31743e-46
    7.37566e-46
    5.83856e-46
    4.62179e-46
     3.6586e-46
    2.89614e-46
    2.29258e-46
     1.8148e-46
     1.4366e-46
    1.13721e-46
    9.00211e-47
    7.12605e-47
    5.64097e-47
    4.46538e-47
    3.53479e-47
    2.79813e-47
      2.215e-47
    1.75339e-47
    1.38798e-47
    1.09872e-47
    8.69746e-48
    6.88489e-48
    5.45007e-48
    4.31426e-48
    3.41516e-48
    2.70344e-48
    2.14004e-48
    1.69405e-48
    1.34101e-48
    1.06154e-48
    8.40312e-49
    6.65189e-49
    5.26563e-49
    4.16826e-49
    3.29959e-49
    2.61195e-49
    2.06761e-49
    1.63672e-49
    1.29562e-49
    1.02561e-49
    8.11874e-50
    6.42678e-50
    5.08743e-50
     4.0272e-50
    3.18792e-50
    2.52356e-50
    1.99764e-50
    1.58133e-50
    1.25178e-50
    9.90905e-51
    7.84399e-51
    6.20929e-51
    4.91526e-51
    3.89091e-51
    3.08004e-51
    2.43815e-51
    1.93004e-51
    1.52781e-51
    1.20942e-51
    9.57371e-52
    7.57853e-52
    5.99915e-52
    4.74892e-52
    3.75924e-52
     2.9758e-52
    2.35564e-52
    1.86472e-52
    1.47611e-52
    1.16849e-52
    9.24972e-53
    7.32206e-53
    5.79613e-53
    4.58821e-53
    3.63202e-53
     2.8751e-53
    2.27592e-53
