              0
              0
              0
              0
              0
              0
              0
              0
              0
     0.00396705
              0
              0
              0
      0.0137994
    0.000247461
       0.013853
    0.000429608
     0.00719213
     0.00528398
    0.000885802
     0.00227704
      0.0167338
      0.0117129
      0.0003813
    0.000311663
     0.00722529
    0.000779853
      0.0607167
    0.000610537
     0.00232705
    0.000779767
    0.000660486
    0.000578434
     0.00222939
    0.000443875
    0.000499817
    0.000266857
     0.00480492
    0.000300667
    0.000200004
     0.00138271
     0.00017574
     0.00104959
    0.000800582
    0.000155665
     0.00134972
    5.99017e-05
    0.000105127
    4.63934e-05
     0.00318836
    4.78467e-05
    7.27586e-05
    5.89444e-05
     4.4751e-05
     0.00011252
    0.000609302
    0.000935321
    8.03279e-05
    4.53433e-05
    7.66237e-05
     0.00217521
    4.45455e-05
    4.31666e-05
    4.21487e-05
    2.30571e-05
    5.09529e-05
    7.60288e-05
    6.19663e-05
    0.000616147
    2.10187e-05
    4.32577e-05
    2.00091e-05
     0.00146855
    0.000171392
     6.6291e-05
    3.11149e-05
    1.56385e-05
    2.89379e-05
    4.71662e-05
    3.57852e-05
     0.00041208
    1.26248e-05
    3.02476e-05
     1.3055e-05
     0.00100331
    1.14597e-05
    1.61935e-05
    9.51671e-06
    5.24137e-06
     1.7721e-05
    2.89149e-05
    2.16151e-05
    0.000278076
    7.06007e-06
    1.79104e-05
    6.38413e-06
    0.000677748
    6.47796e-06
    9.61999e-06
    6.05868e-06
    3.25699e-06
    1.18001e-05
    1.94339e-05
    1.45083e-05
    0.000188929
    4.64429e-06
    1.20187e-05
    4.17805e-06
    0.000460726
     4.2789e-06
    6.44152e-06
    4.04833e-06
    2.16508e-06
    7.98536e-06
    1.31845e-05
    0.000133167
    5.13043e-06
    3.14445e-06
    8.16146e-06
    0.000312818
    3.30458e-06
    4.04394e-06
    4.18298e-06
    2.25423e-06
    5.75755e-06
    9.01466e-06
    6.83705e-06
     8.7407e-05
    2.22831e-06
    5.60187e-06
    1.97295e-06
     0.00021308
    2.01597e-06
     3.0037e-06
    1.90259e-06
    1.01885e-06
    3.70537e-06
    6.10825e-06
    4.55919e-06
    5.94024e-05
    1.45877e-06
    3.77706e-06
    1.31242e-06
    0.000144866
    1.34469e-06
    2.02494e-06
    1.27266e-06
    6.80546e-07
    2.51075e-06
    4.14553e-06
    3.09481e-06
    4.03902e-05
    9.88644e-07
    2.56616e-06
    8.90427e-07
    9.85072e-05
     9.1302e-07
     1.3758e-06
    8.64449e-07
     4.6203e-07
     1.7067e-06
    2.81851e-06
    2.84725e-05
    1.09664e-06
    6.72073e-07
    1.74483e-06
    6.68847e-05
    7.06433e-07
    8.64544e-07
    8.94292e-07
    4.81917e-07
    1.23099e-06
    1.92742e-06
    1.46182e-06
    1.86888e-05
    4.76423e-07
    1.19774e-06
    4.21831e-07
    4.55594e-05
    4.31035e-07
    6.42226e-07
    4.06794e-07
     2.1784e-07
    7.92256e-07
    1.30603e-06
    9.74816e-07
     1.2701e-05
    3.11904e-07
    8.07587e-07
    2.80613e-07
    3.09743e-05
    2.87513e-07
    4.32959e-07
    2.72112e-07
     1.4551e-07
    5.36832e-07
    8.86372e-07
    6.61714e-07
    8.63597e-06
    2.11386e-07
    5.48681e-07
    1.90386e-07
    2.10622e-05
    1.95216e-07
    2.94165e-07
    1.84831e-07
    9.87884e-08
    3.64917e-07
    6.02636e-07
    6.08782e-06
    2.34476e-07
    1.43698e-07
    3.73069e-07
    1.43009e-05
    1.51045e-07
    1.84851e-07
    1.91212e-07
     1.0304e-07
    2.63202e-07
    4.12108e-07
    3.12557e-07
    3.99592e-06
    1.01866e-07
    2.56094e-07
    9.01933e-08
    9.74123e-06
    9.21612e-08
    1.37317e-07
    8.69782e-08
    4.65773e-08
    1.69395e-07
    2.79246e-07
    2.08429e-07
    2.71566e-06
    6.66893e-08
    1.72673e-07
    5.99988e-08
    6.62274e-06
    6.14742e-08
    9.25726e-08
    5.81814e-08
     3.1112e-08
    1.14782e-07
    1.89519e-07
    1.41484e-07
    1.84649e-06
    4.51971e-08
    1.17315e-07
    4.07071e-08
    4.50339e-06
    4.17399e-08
    6.28966e-08
    3.95194e-08
    2.11223e-08
    7.80242e-08
    1.28852e-07
    1.30166e-06
    5.01342e-08
    3.07247e-08
    7.97672e-08
    3.05772e-06
    3.22955e-08
    3.95238e-08
    4.08838e-08
    2.20315e-08
    5.62763e-08
    8.81144e-08
    6.68291e-08
    8.54382e-07
    2.17803e-08
    5.47563e-08
    1.92846e-08
    2.08281e-06
    1.97053e-08
    2.93602e-08
    1.85971e-08
    9.95886e-09
     3.6219e-08
    5.97067e-08
     4.4565e-08
    5.80645e-07
    1.42591e-08
    3.69199e-08
    1.28286e-08
    1.41603e-06
     1.3144e-08
    1.97933e-08
      1.244e-08
    6.65218e-09
     2.4542e-08
    4.05217e-08
    3.02511e-08
    3.94805e-07
    9.66377e-09
    2.50837e-08
    8.70373e-09
    9.62886e-07
    8.92457e-09
    1.34482e-08
     8.4498e-09
    4.51624e-09
    1.66826e-08
    2.75503e-08
    2.05673e-08
    2.68465e-07
    6.56936e-09
    1.70553e-08
    5.91727e-09
    6.54762e-07
     6.0679e-09
     9.1441e-09
    5.74534e-09
    3.07063e-09
    1.13439e-08
    1.87339e-08
    1.89252e-07
    7.28901e-09
    4.46704e-09
    1.15975e-08
    4.44572e-07
    4.69549e-09
    5.74645e-09
    5.94419e-09
     3.2032e-09
    8.18217e-09
    1.28112e-08
    9.71649e-09
    1.24222e-07
     3.1667e-09
     7.9612e-09
    2.80384e-09
    3.02826e-07
    2.86502e-09
    4.26878e-09
     2.7039e-09
    1.44795e-09
      5.266e-09
    8.68095e-09
    6.47945e-09
    8.44219e-08
    2.07318e-09
    5.36791e-09
    1.86519e-09
    2.05882e-07
    1.91105e-09
    2.87781e-09
    1.80869e-09
    9.67183e-10
    3.56824e-09
    5.89158e-09
    4.39831e-09
     5.7402e-08
    1.40505e-09
      3.647e-09
    1.26546e-09
    1.39997e-07
    1.29757e-09
    1.95527e-09
    1.22854e-09
    6.56632e-10
    2.42555e-09
    4.00563e-09
    4.04648e-08
    1.55853e-09
    9.55142e-10
    2.47973e-09
    9.50557e-08
    1.00397e-09
    1.22868e-09
    1.27096e-09
    6.84894e-10
    1.74947e-09
    2.73922e-09
    2.07752e-09
    2.65603e-08
    6.77087e-10
    1.70222e-09
    5.99501e-10
    6.47485e-08
    6.12582e-10
    9.12724e-10
    5.78131e-10
    3.09592e-10
    1.12594e-09
    1.85611e-09
     1.3854e-09
    1.80506e-08
    4.43274e-10
    1.14773e-09
    3.98803e-10
    4.40203e-08
     4.0861e-10
    6.15316e-10
    3.86723e-10
    2.06797e-10
    7.62939e-10
     1.2597e-09
     9.4042e-10
    1.22733e-08
    3.00419e-10
    7.79778e-10
    2.70574e-10
    2.99333e-08
    2.77439e-10
    4.18064e-10
     2.6268e-10
    1.40397e-10
    5.18615e-10
    8.56459e-10
    8.65193e-09
    3.33234e-10
    2.04222e-10
    5.30201e-10
    2.03242e-08
    2.14664e-10
    2.62709e-10
    2.71748e-10
     1.4644e-10
     3.7406e-10
    5.85683e-10
    4.44203e-10
    5.67895e-09
     1.4477e-10
    3.63957e-10
    1.28182e-10
    1.38441e-08
    1.30978e-10
    1.95153e-10
    1.23612e-10
    6.61951e-11
    2.40742e-10
    3.96861e-10
    2.96217e-10
    3.85946e-09
     9.4778e-11
    2.45401e-10
    8.52696e-11
    9.41215e-09
    8.73664e-11
    1.31563e-10
    8.26867e-11
     4.4216e-11
    1.63127e-10
    2.69341e-10
    2.01075e-10
    2.62421e-09
    6.42336e-11
    1.66727e-10
    5.78524e-11
    6.40016e-09
    5.93203e-11
    8.93879e-11
    5.61645e-11
    3.00188e-11
    1.10887e-10
    1.83123e-10
     1.8499e-09
    7.12501e-11
    4.36656e-11
    1.13364e-10
     4.3456e-09
     4.5898e-11
    5.61707e-11
    5.81035e-11
    3.13108e-11
    7.99792e-11
    1.25227e-10
    9.49767e-11
    1.21424e-09
    3.09539e-11
     7.7819e-11
     2.7407e-11
    2.96006e-09
     2.8005e-11
    4.17264e-11
      2.643e-11
    1.41534e-11
     5.1474e-11
    8.48544e-11
    6.33352e-11
    8.25206e-10
    2.02648e-11
    5.24701e-11
    1.82318e-11
    2.01245e-09
    1.86801e-11
      2.813e-11
    1.76795e-11
      9.454e-12
    3.48788e-11
    5.75889e-11
    4.29925e-11
    5.61092e-10
     1.3734e-11
    3.56486e-11
    1.23696e-11
    1.36844e-09
    1.26835e-11
    1.91124e-11
    1.20087e-11
    6.41843e-12
    2.37092e-11
    3.91541e-11
      2.923e-11
    3.81539e-10
     9.3363e-12
    2.42388e-11
    8.40956e-12
    9.30539e-10
    8.62362e-12
    1.29955e-11
    8.16521e-12
    4.36394e-12
    1.61218e-11
    2.66244e-11
    2.68963e-10
    1.03591e-11
    6.34851e-12
    1.64823e-11
    6.31821e-10
    6.67318e-12
    8.16678e-12
    8.44781e-12
    4.55234e-12
    1.16284e-11
    1.82072e-11
     1.3809e-11
    1.76542e-10
    4.50048e-12
    1.13144e-11
    3.98478e-12
    4.30373e-10
    4.07173e-12
    6.06674e-12
    3.84275e-12
    2.05781e-12
    7.48398e-12
    1.23373e-11
    9.20852e-12
    1.19979e-10
    2.94637e-12
    7.62881e-12
    2.65079e-12
    2.92597e-10
    2.71597e-12
    4.08991e-12
    2.57049e-12
    1.37455e-12
    5.07114e-12
    8.37305e-12
    6.25083e-12
     8.1579e-11
    1.99684e-12
    5.18307e-12
    1.79846e-12
    1.98962e-10
    1.84409e-12
    2.77881e-12
    1.74599e-12
    9.33197e-13
    3.44716e-12
    5.69275e-12
    5.75081e-11
    2.21496e-12
    1.35744e-12
    3.52416e-12
    1.35092e-10
    1.42684e-12
    1.74619e-12
    1.80627e-12
    9.73363e-13
    2.48632e-12
    3.89295e-12
    2.95255e-12
    3.77471e-11
    9.62267e-13
    2.41917e-12
    8.52004e-13
    9.20197e-11
    8.70594e-13
    1.29715e-12
    8.21633e-13
    4.39989e-13
    1.60018e-12
    2.63788e-12
    1.96891e-12
    2.56533e-11
    6.29975e-13
    1.63114e-12
    5.66774e-13
    6.25612e-11
    5.80711e-13
     8.7448e-13
    5.49606e-13
    2.93897e-13
    1.08428e-12
    1.79027e-12
    1.33651e-12
    6.96621e-13
    4.26951e-13
    1.10821e-12
    3.84536e-13
    4.48116e-13
    3.93701e-13
     4.3874e-13
    2.44067e-13
    1.37507e-13
    9.27501e-14
    8.58499e-14
     6.6134e-14
    5.81476e-14
    4.58081e-14
    3.86508e-14
     3.2176e-14
    2.59838e-14
    2.03208e-14
    1.64434e-14
    1.19257e-14
    9.23945e-15
    7.26946e-15
    5.51182e-15
    4.31421e-15
    3.53774e-15
    2.80945e-15
    2.31067e-15
    1.86639e-15
      1.508e-15
    1.20812e-15
    9.56352e-16
     7.4734e-16
     5.8571e-16
    4.54072e-16
    3.54561e-16
    2.77591e-16
    2.19547e-16
    1.74574e-16
    1.39358e-16
    1.11006e-16
    8.85932e-17
    7.04847e-17
    5.60307e-17
     4.4333e-17
    3.49914e-17
     2.7521e-17
    2.16693e-17
    1.70676e-17
    1.34715e-17
    1.06563e-17
    8.45217e-18
    6.71066e-18
     5.3307e-18
    4.23276e-18
    3.35824e-18
    2.66086e-18
    2.10639e-18
    1.66561e-18
    1.31648e-18
    1.04021e-18
    8.22259e-19
    6.50319e-19
    5.14759e-19
     4.0769e-19
    3.23044e-19
    2.55983e-19
    2.02822e-19
     1.6064e-19
    1.27182e-19
    1.00649e-19
     7.9629e-20
    6.29889e-20
    4.98293e-20
    3.94245e-20
    3.12004e-20
    2.46978e-20
    1.95552e-20
    1.54854e-20
    1.22633e-20
    9.71098e-21
    7.68898e-21
    6.08707e-21
    4.81824e-21
     3.8135e-21
    3.01814e-21
    2.38868e-21
    1.89061e-21
    1.49651e-21
    1.18467e-21
    9.37866e-22
    7.42511e-22
     5.8785e-22
    4.65391e-22
    3.68425e-22
    2.91647e-22
    2.30858e-22
    1.82733e-22
    1.44638e-22
    1.14486e-22
    9.06218e-23
    7.17341e-23
    5.67847e-23
    4.49519e-23
    3.55853e-23
    2.81705e-23
    2.23005e-23
    1.76534e-23
    1.39745e-23
     1.1062e-23
    8.75649e-24
    6.93145e-24
    5.48681e-24
    4.34329e-24
    3.43813e-24
    2.72164e-24
    2.15447e-24
    1.70551e-24
     1.3501e-24
    1.06875e-24
    8.46025e-25
    6.69712e-25
     5.3014e-25
    4.19654e-25
    3.32194e-25
    2.62962e-25
    2.08159e-25
    1.64778e-25
    1.30438e-25
    1.03255e-25
    8.17368e-26
     6.4703e-26
    5.12189e-26
    4.05449e-26
    3.20952e-26
    2.54065e-26
    2.01117e-26
    1.59203e-26
    1.26025e-26
    9.97607e-27
    7.89703e-27
    6.25129e-27
    4.94852e-27
    3.91725e-27
    3.10089e-27
    2.45466e-27
    1.94311e-27
    1.53816e-27
    1.21761e-27
    9.63853e-28
    7.62984e-28
    6.03976e-28
    4.78106e-28
    3.78468e-28
    2.99595e-28
    2.37159e-28
    1.87734e-28
     1.4861e-28
     1.1764e-28
    9.31234e-29
    7.37163e-29
    5.83537e-29
    4.61926e-29
     3.6566e-29
    2.89456e-29
    2.29133e-29
    1.81381e-29
    1.43581e-29
    1.13658e-29
    8.99718e-30
    7.12216e-30
    5.63789e-30
    4.46294e-30
    3.53286e-30
     2.7966e-30
    2.21379e-30
    1.75243e-30
    1.38722e-30
    1.09812e-30
     8.6927e-31
    6.88113e-31
    5.44709e-31
    4.31191e-31
     3.4133e-31
    2.70196e-31
    2.13887e-31
    1.69312e-31
    1.34027e-31
    1.06096e-31
    8.39852e-32
    6.64826e-32
    5.26275e-32
    4.16598e-32
    3.29778e-32
    2.61052e-32
    2.06648e-32
    1.63582e-32
    1.29492e-32
    1.02505e-32
     8.1143e-33
    6.42327e-33
    5.08465e-33
      4.025e-33
    3.18618e-33
    2.52218e-33
    1.99655e-33
    1.58047e-33
    1.25109e-33
    9.90363e-34
     7.8397e-34
    6.20589e-34
    4.91257e-34
    3.88878e-34
    3.07835e-34
    2.43682e-34
    1.92898e-34
    1.52698e-34
    1.20875e-34
    9.56848e-35
    7.57439e-35
    5.99587e-35
    4.74632e-35
    3.75718e-35
    2.97418e-35
    2.35435e-35
     1.8637e-35
     1.4753e-35
    1.16785e-35
    9.24466e-36
    7.31806e-36
    5.79296e-36
     4.5857e-36
    3.63003e-36
    2.87353e-36
    2.27468e-36
    1.80063e-36
    1.42538e-36
    1.12833e-36
     8.9318e-37
     7.0704e-37
    5.59692e-37
    4.43051e-37
    3.50718e-37
    2.77628e-37
     2.1977e-37
    1.73969e-37
    1.37714e-37
    1.09014e-37
    8.62953e-38
    6.83112e-38
    5.40751e-38
    4.28057e-38
    3.38849e-38
    2.68233e-38
    2.12332e-38
    1.68082e-38
    1.33053e-38
    1.05325e-38
    8.33749e-39
    6.59995e-39
    5.22451e-39
    4.13571e-39
    3.27382e-39
    2.59155e-39
    2.05147e-39
    1.62394e-39
    1.28551e-39
     1.0176e-39
    8.05534e-40
    6.37659e-40
     5.0477e-40
    3.99575e-40
    3.16303e-40
    2.50385e-40
    1.98204e-40
    1.56898e-40
      1.242e-40
    9.83167e-41
    7.78273e-41
     6.1608e-41
    4.87687e-41
    3.86053e-41
    3.05599e-41
    2.41911e-41
    1.91497e-41
    1.51588e-41
    1.19997e-41
    9.49894e-42
    7.51935e-42
     5.9523e-42
    4.71183e-42
    3.72988e-42
    2.95256e-42
    2.33725e-42
    1.85016e-42
    1.46458e-42
    1.15936e-42
    9.17748e-43
    7.26488e-43
    5.75087e-43
    4.55237e-43
    3.60365e-43
    2.85264e-43
    2.25815e-43
    1.78755e-43
    1.41502e-43
    1.12013e-43
     8.8669e-44
    7.01902e-44
    5.55625e-44
    4.39831e-44
     3.4817e-44
    2.75611e-44
    2.18173e-44
    1.72705e-44
    1.36713e-44
    1.08222e-44
    8.56683e-45
    6.78148e-45
    5.36821e-45
    4.24947e-45
    3.36387e-45
    2.66283e-45
    2.10789e-45
    1.66861e-45
    1.32087e-45
    1.04559e-45
    8.27691e-46
    6.55199e-46
    5.18654e-46
    4.10566e-46
    3.25003e-46
    2.57272e-46
    2.03656e-46
    1.61214e-46
    1.27616e-46
    1.01021e-46
     7.9968e-47
    6.33025e-47
    5.01102e-47
    3.96671e-47
    3.14004e-47
    2.48565e-47
    1.96764e-47
    1.55758e-47
    1.23298e-47
    9.76022e-48
    7.72618e-48
    6.11603e-48
    4.84144e-48
    3.83247e-48
    3.03378e-48
    2.40153e-48
    1.90105e-48
    1.50487e-48
    1.19125e-48
    9.42992e-49
    7.46471e-49
    5.90905e-49
    4.67759e-49
    3.70277e-49
    2.93111e-49
    2.32026e-49
    1.83671e-49
    1.45394e-49
    1.15094e-49
    9.11079e-50
    7.21209e-50
    5.70908e-50
    4.51929e-50
    3.57747e-50
    2.83192e-50
    2.24174e-50
    1.77456e-50
    1.40474e-50
    1.11199e-50
    8.80247e-51
    6.96802e-51
    5.51587e-51
    4.36635e-51
     3.4564e-51
    2.73608e-51
    2.16587e-51
     1.7145e-51
     1.3572e-51
    1.07435e-51
    8.50457e-52
    6.73221e-52
     5.3292e-52
    4.21859e-52
    3.33943e-52
    2.64348e-52
    2.09258e-52
    1.65648e-52
    1.31127e-52
      1.038e-52
    8.21676e-53
    6.50438e-53
    5.14885e-53
    4.07582e-53
    3.22641e-53
    2.55402e-53
    2.02176e-53
