              0
              0
              0
              0
              0
              0
              0
              0
              0
              0
              0
      0.0105441
              0
     0.00900625
      0.0251738
     0.00816375
      0.0084131
     0.00906454
     0.00701554
     0.00844239
       0.017267
     0.00691451
      0.0180491
      0.0105627
     0.00635334
     0.00950596
     0.00997438
     0.00768585
     0.00873318
     0.00735067
        0.01087
     0.00890153
      0.0086449
     0.00799355
     0.00825284
      0.0105488
     0.00741493
     0.00984648
      0.0092334
     0.00679333
     0.00664908
     0.00706905
     0.00907158
     0.00779867
        1.78847
     0.00717576
     0.00617746
     0.00792485
       0.005889
     0.00569682
     0.00732663
     0.00548816
     0.00598784
     0.00536788
     0.00535367
     0.00531019
     0.00506681
     0.00489868
     0.00645503
     0.00470377
     0.00455725
     0.00551334
     0.00436944
      0.0043507
     0.00423158
     0.00414909
     0.00404151
     0.00395643
     0.00380904
     0.00374173
     0.00448268
      0.0034998
      0.0033494
     0.00417421
      0.0032826
     0.00330897
     0.00316714
     0.00311654
     0.00303306
     0.00297769
     0.00287833
     0.00282149
     0.00330102
     0.00263853
     0.00252868
     0.00303142
     0.00244777
     0.00238321
     0.00234885
      0.0022927
     0.00223752
      0.0021783
     0.00209598
     0.00205178
     0.00238191
     0.00192208
     0.00184351
     0.00218366
     0.00177665
     0.00173495
     0.00170707
     0.00166826
     0.00162827
     0.00158524
     0.00152687
     0.00149474
     0.00171659
     0.00140104
     0.00134459
       0.001573
     0.00129367
     0.00126274
     0.00124136
     0.00121263
     0.00118311
     0.00115154
     0.00110965
     0.00126656
     0.00105344
     0.00101775
     0.00115079
    0.000968421
    0.000948713
    0.000927364
    0.000904771
    0.000880721
    0.000857345
    0.000826438
    0.000809689
    0.000908016
     0.00075893
    0.000729326
    0.000831639
    0.000699405
    0.000682008
     0.00066948
     0.00065316
    0.000636753
    0.000619464
    0.000597397
    0.000583817
    0.000650185
    0.000547644
    0.000526651
    0.000595357
    0.000504519
    0.000491867
    0.000482322
    0.000470535
    0.000458579
    0.000446068
    0.000430381
    0.000420396
     0.00046481
    0.000394406
    0.000379483
    0.000425558
    0.000363157
    0.000353955
    0.000346875
    0.000338297
    0.000329624
    0.000320585
    0.000309406
    0.000340802
    0.000293144
    0.000283486
    0.000309965
    0.000269063
    0.000262998
    0.000256637
    0.000250065
    0.000243232
    0.000236595
    0.000228396
    0.000223271
    0.000242798
    0.000209468
    0.000201729
    0.000222238
    0.000192637
    0.000187631
    0.000183703
    0.000179002
    0.000174319
    0.000169482
    0.000163658
    0.000159681
    0.000172831
    0.000149896
    0.000144428
    0.000158168
    0.000137823
    0.000134223
    0.000131315
    0.000127953
     0.00012458
    0.000121112
    0.000116989
    0.000114109
    0.000122882
    0.000107126
    0.000103255
    0.000112446
    9.84629e-05
    9.58736e-05
    9.37567e-05
    9.13375e-05
    8.89155e-05
    8.64323e-05
    8.35078e-05
    8.97024e-05
    7.90097e-05
    7.64568e-05
    8.16452e-05
    7.24407e-05
    7.06986e-05
    6.89066e-05
    6.70821e-05
    6.52147e-05
     6.3401e-05
    6.12652e-05
    5.97982e-05
    6.36131e-05
    5.61374e-05
    5.41436e-05
    5.81997e-05
    5.15518e-05
    5.01717e-05
    4.90317e-05
    4.77353e-05
    4.64514e-05
     4.5143e-05
    4.36317e-05
    4.25235e-05
    4.50846e-05
    3.99381e-05
    3.85332e-05
    4.12424e-05
    3.66708e-05
     3.5686e-05
    3.48554e-05
    3.39341e-05
    3.30165e-05
    3.20846e-05
    3.10182e-05
     3.0223e-05
    3.19247e-05
    2.83873e-05
    2.73958e-05
    2.92021e-05
    2.60582e-05
    2.53551e-05
    2.47575e-05
    2.40995e-05
    2.34451e-05
    2.27818e-05
     2.2028e-05
    2.32279e-05
    2.08207e-05
    2.01576e-05
    2.11531e-05
    1.90747e-05
    1.85951e-05
     1.8108e-05
    1.76172e-05
    1.71201e-05
    1.66374e-05
    1.60887e-05
    1.56858e-05
    1.64148e-05
    1.47324e-05
    1.42246e-05
    1.50128e-05
    1.35146e-05
    1.31451e-05
    1.28292e-05
    1.24819e-05
    1.21394e-05
    1.17938e-05
    1.14067e-05
    1.11076e-05
    1.15951e-05
    1.04362e-05
    1.00792e-05
    1.06035e-05
    9.57272e-06
    9.31043e-06
    9.08266e-06
    8.83697e-06
    8.59355e-06
    8.34847e-06
    8.07602e-06
    7.86286e-06
    8.18489e-06
    7.38794e-06
    7.13656e-06
    7.48458e-06
    6.77533e-06
    6.58904e-06
    6.42638e-06
    6.25186e-06
    6.07912e-06
    5.90544e-06
    5.71338e-06
     5.5618e-06
    5.77436e-06
     5.2262e-06
    5.04922e-06
    5.28001e-06
    4.79203e-06
    4.65984e-06
    4.54387e-06
       4.42e-06
     4.2975e-06
    4.17451e-06
    4.03917e-06
    4.18864e-06
    3.81442e-06
    3.69449e-06
    3.81643e-06
    3.49211e-06
    3.40091e-06
    3.30927e-06
    3.21769e-06
    3.12582e-06
    3.03663e-06
    2.93841e-06
    2.86193e-06
    2.95056e-06
     2.6891e-06
    2.59893e-06
    2.69767e-06
    2.46447e-06
    2.39583e-06
    2.33542e-06
    2.27089e-06
    2.20747e-06
      2.144e-06
     2.0749e-06
    2.01898e-06
    2.07778e-06
     1.8976e-06
    1.83433e-06
    1.89954e-06
    1.73898e-06
    1.69048e-06
     1.6473e-06
    1.60182e-06
    1.55696e-06
    1.51215e-06
    1.46362e-06
    1.42399e-06
    1.46242e-06
    1.33842e-06
    1.29398e-06
    1.33692e-06
    1.22637e-06
    1.19208e-06
    1.16144e-06
    1.12928e-06
    1.09759e-06
    1.06595e-06
    1.03183e-06
    1.05877e-06
    9.73882e-07
    9.43511e-07
    9.64996e-07
    8.91203e-07
    8.67386e-07
    8.43604e-07
    8.19961e-07
    7.96376e-07
    7.73482e-07
    7.48771e-07
    7.28819e-07
    7.44279e-07
    6.84989e-07
    6.62423e-07
    6.80347e-07
    6.27393e-07
    6.09716e-07
    5.93889e-07
    5.77268e-07
    5.60969e-07
     5.4474e-07
    5.27386e-07
     5.1293e-07
    5.23076e-07
    4.82195e-07
    4.66385e-07
    4.78113e-07
    4.41633e-07
    4.29177e-07
    4.17923e-07
    4.06236e-07
    3.94741e-07
    3.83311e-07
    3.71144e-07
    3.60931e-07
    3.67463e-07
    3.39313e-07
    3.28224e-07
    3.35865e-07
    3.10735e-07
    3.01954e-07
    2.93996e-07
    2.85757e-07
    2.77657e-07
     2.6961e-07
     2.6107e-07
    2.65621e-07
    2.46299e-07
    2.38668e-07
    2.42159e-07
    2.25311e-07
     2.1918e-07
    2.13088e-07
    2.07056e-07
    2.01065e-07
     1.9525e-07
    1.89075e-07
    1.83943e-07
    1.86409e-07
    1.72918e-07
    1.67303e-07
    1.70368e-07
    1.58302e-07
    1.53801e-07
    1.49717e-07
    1.45484e-07
    1.41341e-07
    1.37232e-07
    1.32901e-07
    1.29209e-07
    1.30795e-07
    1.21488e-07
    1.17558e-07
    1.19533e-07
    1.11216e-07
    1.08051e-07
    1.05159e-07
    1.02188e-07
    9.92723e-08
    9.63844e-08
     9.3352e-08
    9.07503e-08
    9.17413e-08
     8.5329e-08
    8.25763e-08
    8.38399e-08
    7.81075e-08
    7.58815e-08
     7.3842e-08
    7.17523e-08
    6.97023e-08
    6.76729e-08
    6.55475e-08
      6.623e-08
    6.18169e-08
    5.99119e-08
     6.0393e-08
    5.65333e-08
    5.49729e-08
    5.34281e-08
    5.19034e-08
    5.03945e-08
    4.89302e-08
    4.73952e-08
    4.60899e-08
    4.64153e-08
    4.33347e-08
    4.19441e-08
    4.24152e-08
    3.96565e-08
    3.85206e-08
    3.74791e-08
    3.64107e-08
    3.53663e-08
    3.43341e-08
    3.32591e-08
     3.2325e-08
    3.25237e-08
    3.03976e-08
    2.94253e-08
    2.97194e-08
    2.78169e-08
    2.70197e-08
    2.62842e-08
    2.55355e-08
     2.4802e-08
    2.40777e-08
    2.33257e-08
    2.26689e-08
    2.27833e-08
    2.13176e-08
    2.06373e-08
    2.08184e-08
    1.95064e-08
    1.89466e-08
    1.84292e-08
    1.79036e-08
    1.73887e-08
    1.68806e-08
    1.63541e-08
    1.58928e-08
    1.59563e-08
    1.49458e-08
    1.44697e-08
    1.45799e-08
     1.3675e-08
    1.32821e-08
    1.29184e-08
    1.25494e-08
    1.21881e-08
    1.18317e-08
    1.14632e-08
    1.15047e-08
     1.0807e-08
    1.04757e-08
     1.0493e-08
    9.88065e-09
    9.60417e-09
    9.33144e-09
    9.06306e-09
    8.79839e-09
    8.54153e-09
    8.27572e-09
    8.04458e-09
    8.05176e-09
    7.56494e-09
    7.32499e-09
    7.35686e-09
    6.92023e-09
    6.72059e-09
    6.53571e-09
    6.34793e-09
     6.1646e-09
    5.98398e-09
    5.79805e-09
    5.63349e-09
     5.6345e-09
    5.29833e-09
    5.13072e-09
    5.14802e-09
    4.84671e-09
    4.70684e-09
    4.57665e-09
    4.44525e-09
    4.31672e-09
    4.19019e-09
    4.06026e-09
    3.94479e-09
    3.94204e-09
    3.71014e-09
    3.59299e-09
    3.60163e-09
     3.3937e-09
    3.29566e-09
    3.20428e-09
    3.11218e-09
    3.02212e-09
    2.93348e-09
    2.84263e-09
    2.83981e-09
    2.67929e-09
    2.59745e-09
    2.59045e-09
    2.44917e-09
       2.38e-09
    2.31194e-09
    2.24509e-09
    2.17932e-09
     2.1155e-09
    2.05003e-09
    1.99223e-09
    1.98564e-09
    1.87366e-09
    1.81471e-09
     1.8141e-09
    1.71354e-09
    1.66387e-09
    1.61756e-09
    1.57084e-09
    1.52526e-09
    1.48045e-09
    1.43469e-09
    1.39369e-09
    1.38825e-09
    1.31089e-09
    1.26974e-09
    1.26828e-09
    1.19885e-09
    1.16409e-09
    1.13154e-09
    1.09888e-09
    1.06696e-09
    1.03561e-09
    1.00366e-09
     9.7492e-10
    9.45835e-10
    9.17013e-10
    8.88267e-10
    8.62979e-10
    8.37084e-10
    8.11421e-10
    7.87083e-10
    7.63548e-10
     7.4093e-10
    7.18937e-10
    6.97627e-10
    6.76718e-10
    6.56528e-10
    6.36904e-10
    6.17885e-10
    5.99443e-10
    5.81542e-10
    5.64184e-10
    5.47306e-10
    5.30955e-10
    5.15092e-10
    4.99705e-10
    4.84791e-10
    4.70316e-10
     4.5627e-10
    4.42643e-10
    4.29426e-10
    4.16602e-10
    4.04159e-10
    3.92088e-10
    3.80376e-10
    3.69013e-10
    3.57991e-10
    3.47299e-10
    3.36926e-10
    3.26863e-10
    3.17101e-10
     3.0763e-10
    2.98442e-10
    2.89528e-10
    2.80881e-10
    2.72492e-10
    2.64354e-10
    2.56458e-10
    2.48799e-10
    2.41368e-10
    2.34159e-10
    2.27165e-10
    2.20381e-10
    2.13799e-10
    2.07413e-10
    2.01219e-10
    1.95209e-10
    1.89379e-10
    1.83723e-10
    1.78235e-10
    1.72912e-10
    1.67748e-10
    1.62738e-10
    1.57877e-10
    1.53162e-10
    1.48588e-10
     1.4415e-10
    1.39844e-10
    1.35668e-10
    1.31616e-10
    1.27685e-10
    1.23871e-10
    1.20172e-10
    1.16583e-10
    1.13101e-10
    1.09723e-10
    1.06446e-10
    1.03266e-10
    1.00182e-10
    9.71901e-11
    9.42873e-11
    9.14713e-11
    8.87393e-11
     8.6089e-11
    8.35178e-11
    8.10234e-11
    7.86035e-11
    7.62558e-11
    7.39783e-11
    7.17688e-11
    6.96253e-11
    6.75458e-11
    6.55285e-11
    6.35714e-11
    6.16727e-11
    5.98307e-11
    5.80438e-11
    5.63102e-11
    5.46284e-11
    5.29968e-11
     5.1414e-11
    4.98784e-11
    4.83887e-11
    4.69435e-11
    4.55414e-11
    4.41813e-11
    4.28617e-11
    4.15816e-11
    4.03397e-11
    3.91349e-11
     3.7966e-11
    3.68321e-11
    3.57321e-11
    3.46649e-11
    3.36295e-11
    3.26251e-11
    3.16507e-11
    3.07054e-11
    2.97883e-11
    2.88987e-11
    2.80356e-11
    2.71982e-11
    2.63859e-11
    2.55978e-11
    2.48333e-11
    2.40916e-11
    2.33721e-11
     2.2674e-11
    2.19968e-11
    2.13399e-11
    2.07025e-11
    2.00842e-11
    1.94844e-11
    1.89024e-11
    1.83379e-11
    1.77902e-11
    1.72588e-11
    1.67434e-11
    1.62433e-11
    1.57582e-11
    1.52875e-11
    1.48309e-11
     1.4388e-11
    1.39583e-11
    1.35414e-11
    1.31369e-11
    1.27446e-11
    1.23639e-11
    1.19947e-11
    1.16364e-11
    1.12889e-11
    1.09517e-11
    1.06246e-11
    1.03073e-11
    9.99947e-12
    9.70081e-12
    9.41108e-12
       9.13e-12
    8.85732e-12
    8.59278e-12
    8.33614e-12
    8.08717e-12
    7.84563e-12
    7.61131e-12
    7.38398e-12
    7.16345e-12
     6.9495e-12
    6.74194e-12
    6.54058e-12
    6.34524e-12
    6.15572e-12
    5.97187e-12
    5.79351e-12
    5.62048e-12
    5.45261e-12
    5.28976e-12
    5.13177e-12
    4.97851e-12
    4.82981e-12
    4.68556e-12
    4.54562e-12
    4.40986e-12
    4.27815e-12
    4.15038e-12
    4.02642e-12
    3.90616e-12
     3.7895e-12
    3.67632e-12
    3.56652e-12
       3.46e-12
    3.35666e-12
    3.25641e-12
    3.15915e-12
    3.06479e-12
    2.97326e-12
    2.88446e-12
    2.79831e-12
    2.71473e-12
    2.63365e-12
    2.55499e-12
    2.47868e-12
    2.40465e-12
    2.33283e-12
    2.26316e-12
    2.19557e-12
    2.12999e-12
    2.06638e-12
    2.00466e-12
    1.94479e-12
     1.8867e-12
    1.83035e-12
    1.77569e-12
    1.72265e-12
     1.6712e-12
    1.62129e-12
    1.57287e-12
    1.52589e-12
    1.48032e-12
    1.43611e-12
    1.39321e-12
     1.3516e-12
    1.31123e-12
    1.27207e-12
    1.23408e-12
    1.19722e-12
    1.16146e-12
    1.12678e-12
    1.09312e-12
    1.06047e-12
     1.0288e-12
    9.98075e-13
    9.68266e-13
    9.39347e-13
    9.11291e-13
    8.84074e-13
     8.5767e-13
    8.32054e-13
    8.07203e-13
    7.83095e-13
    7.59706e-13
    7.37016e-13
    7.15004e-13
    6.93649e-13
    6.72932e-13
    6.52834e-13
    6.33336e-13
     6.1442e-13
     5.9607e-13
    5.78267e-13
    5.60996e-13
    5.44241e-13
    5.27986e-13
    5.12217e-13
    4.96919e-13
    4.82077e-13
    4.67679e-13
    4.53711e-13
     4.4016e-13
    4.27014e-13
    4.14261e-13
    4.01888e-13
    3.89885e-13
     3.7824e-13
    3.66944e-13
    3.55984e-13
    3.45352e-13
    3.35038e-13
    3.25031e-13
    3.15323e-13
    3.05906e-13
    2.96769e-13
    2.87906e-13
    2.79307e-13
    2.70965e-13
    2.62872e-13
    2.55021e-13
    2.47404e-13
    2.40015e-13
    2.32847e-13
    2.25892e-13
    2.19146e-13
    2.12601e-13
    2.06251e-13
    2.00091e-13
    1.94115e-13
    1.88317e-13
    1.82693e-13
    1.77236e-13
    1.71943e-13
    1.66808e-13
    1.61826e-13
    1.56992e-13
    1.52303e-13
    1.47755e-13
    1.43342e-13
    1.39061e-13
    1.34907e-13
    1.30878e-13
    1.26969e-13
    1.23177e-13
    1.19498e-13
    1.15929e-13
    1.12467e-13
    1.09108e-13
    1.05849e-13
    1.02688e-13
    9.96207e-14
    9.66453e-14
    9.37588e-14
    9.09586e-14
    8.82419e-14
    8.56064e-14
    8.30497e-14
    8.05692e-14
    7.81629e-14
    7.58284e-14
    7.35637e-14
    7.13666e-14
    6.92351e-14
    6.71673e-14
    6.51612e-14
     6.3215e-14
     6.1327e-14
    5.94954e-14
    5.77184e-14
    5.59946e-14
    5.43222e-14
    5.26998e-14
    5.11258e-14
    4.95989e-14
    4.81175e-14
    4.66804e-14
    4.52862e-14
    4.39336e-14
    4.26215e-14
    4.13485e-14
    4.01136e-14
    3.89155e-14
    3.77532e-14
    3.66257e-14
    3.55318e-14
    3.44706e-14
     3.3441e-14
    3.24423e-14
    3.14733e-14
    3.05333e-14
    2.96214e-14
    2.87367e-14
    2.78784e-14
    2.70458e-14
     2.6238e-14
    2.54544e-14
    2.46941e-14
    2.39566e-14
    2.32411e-14
     2.2547e-14
    2.18736e-14
    2.12203e-14
    2.05865e-14
    1.99716e-14
    1.93751e-14
    1.87965e-14
    1.82351e-14
    1.76905e-14
    1.71621e-14
    1.66495e-14
    1.61523e-14
    1.56698e-14
    1.52018e-14
    1.47478e-14
    1.43073e-14
      1.388e-14
    1.34655e-14
    1.30633e-14
    1.26732e-14
    1.22946e-14
    1.19274e-14
    1.15712e-14
    1.12256e-14
    1.08903e-14
    1.05651e-14
    1.02495e-14
    9.94342e-15
    9.64644e-15
    9.35833e-15
    9.07883e-15
    8.80768e-15
    8.54462e-15
    8.28942e-15
    8.04184e-15
    7.80166e-15
    7.56865e-15
     7.3426e-15
     7.1233e-15
    6.91055e-15
    6.70415e-15
    6.50392e-15
    6.30967e-15
    6.12122e-15
     5.9384e-15
    5.76104e-15
    5.58898e-15
    5.42205e-15
    5.26011e-15
