              0
              0
              0
              0
              0
              0
              0
              0
              0
              0
              0
      0.0205712
              0
      0.0253234
              0
     0.00595024
     0.00294093
     0.00412651
     0.00908467
      0.0239191
      0.0495172
      0.0052574
        11.3391
      0.0194192
      0.0057823
     0.00743317
     0.00913044
      0.0295452
     0.00824742
     0.00983142
     0.00879338
     0.00890093
     0.00843978
     0.00973174
        7.71428
      0.0174983
     0.00715951
     0.00680928
     0.00717246
     0.00695496
     0.00675605
     0.00867925
     0.00689259
     0.00681118
     0.00655097
     0.00801914
        5.24656
      0.0123543
     0.00579663
     0.00550596
     0.00547959
     0.00535068
     0.00535744
     0.00565577
     0.00619938
     0.00542394
     0.00517332
        3.56853
     0.00925026
     0.00479545
     0.00466776
     0.00439936
     0.00431235
     0.00424202
     0.00423877
     0.00426795
      0.0041712
     0.00401654
     0.00388803
        2.42694
     0.00680095
     0.00370284
     0.00351997
     0.00337805
     0.00321184
     0.00318507
     0.00317705
     0.00313112
     0.00308591
     0.00296407
      0.0028852
         1.6506
     0.00477804
      0.0026734
     0.00256526
     0.00250335
     0.00239297
     0.00236571
       0.002357
     0.00232391
     0.00228671
     0.00219586
     0.00212142
        1.12255
     0.00339013
     0.00195753
     0.00187084
      0.0018255
     0.00175062
     0.00172913
     0.00172047
     0.00169503
     0.00166569
     0.00160036
     0.00154591
       0.763432
     0.00240104
      0.0014234
     0.00136179
     0.00132837
     0.00127514
      0.0012583
     0.00125018
     0.00123067
     0.00120851
     0.00116194
       0.519241
     0.00172455
      0.0010605
     0.00103318
    0.000989344
    0.000964753
    0.000938357
    0.000932221
    0.000917797
    0.000899113
    0.000867298
    0.000837615
        0.35313
     0.00122403
    0.000768567
    0.000738612
    0.000719707
    0.000691591
    0.000680818
    0.000674038
    0.000662043
    0.000649103
    0.000624782
    0.000604116
       0.240162
    0.000865999
    0.000555275
    0.000532728
    0.000519116
     0.00049935
    0.000491113
    0.000485721
    0.000476819
    0.000467172
    0.000449924
    0.000435078
       0.163334
     0.00061174
     0.00039976
    0.000383735
     0.00037383
    0.000359774
    0.000353573
    0.000349317
      0.0003427
    0.000335586
    0.000323322
       0.111094
    0.000439203
    0.000295111
    0.000287226
    0.000275869
    0.000268688
    0.000261179
    0.000258058
    0.000253219
    0.000247522
    0.000239069
    0.000231121
      0.0755545
    0.000310679
    0.000211833
     0.00020401
    0.000198591
    0.000191245
    0.000187646
     0.00018494
    0.000181156
    0.000177207
    0.000170859
    0.000165327
       0.051385
    0.000219194
    0.000151741
    0.000145934
    0.000142067
    0.000136913
    0.000134251
    0.000132225
    0.000129474
    0.000126589
    0.000122104
    0.000118156
      0.0349474
     0.00015445
    0.000108419
    0.000104308
    0.000101525
    9.78746e-05
     9.5923e-05
     9.4406e-05
    9.24022e-05
      9.031e-05
    8.71335e-05
      0.0237708
    0.000110851
    7.95362e-05
    7.73593e-05
    7.44548e-05
    7.24573e-05
    7.04035e-05
    6.93014e-05
    6.78449e-05
    6.62176e-05
    6.40132e-05
    6.19285e-05
      0.0161667
    7.82031e-05
    5.67167e-05
    5.47028e-05
    5.32132e-05
    5.13213e-05
    5.02403e-05
    4.93594e-05
    4.82572e-05
    4.71284e-05
    4.54952e-05
    4.40448e-05
      0.0109953
    5.50506e-05
    4.03836e-05
     3.8905e-05
     3.7848e-05
    3.65229e-05
    3.57373e-05
     3.5094e-05
    3.43021e-05
    3.34876e-05
    3.23368e-05
    3.13066e-05
     0.00747809
    3.87112e-05
    2.86993e-05
    2.76554e-05
    2.69005e-05
    2.59649e-05
    2.53972e-05
    2.49269e-05
    2.43568e-05
    2.37721e-05
    2.29596e-05
     0.00508672
    2.77761e-05
    2.09588e-05
    2.03753e-05
    1.96397e-05
    1.91015e-05
    1.85546e-05
    1.82144e-05
    1.78015e-05
    1.73552e-05
    1.67883e-05
      1.625e-05
     0.00345959
    1.95526e-05
     1.4874e-05
    1.43613e-05
    1.39633e-05
    1.34815e-05
    1.31755e-05
    1.29144e-05
    1.26083e-05
    1.22985e-05
     1.1883e-05
    1.15085e-05
     0.00235297
    1.37386e-05
    1.05438e-05
    1.01706e-05
    9.88935e-06
    9.55233e-06
     9.3323e-06
    9.14424e-06
    8.92592e-06
    8.70424e-06
    8.41206e-06
    8.14705e-06
     0.00160033
    9.64475e-06
    7.46322e-06
    7.20038e-06
    7.00054e-06
    6.76319e-06
    6.60562e-06
    6.46995e-06
    6.31401e-06
    6.15595e-06
    5.95018e-06
    5.76309e-06
     0.00108844
    6.76839e-06
     5.2787e-06
    5.09388e-06
    4.95209e-06
    4.78496e-06
    4.67226e-06
    4.57462e-06
    4.46336e-06
    4.35081e-06
    4.20597e-06
    0.000740418
    4.85518e-06
    3.83961e-06
     3.7311e-06
     3.6012e-06
    3.50068e-06
    3.39955e-06
    3.32912e-06
    3.24876e-06
    3.16413e-06
    3.06258e-06
    2.96574e-06
    0.000503586
    3.41044e-06
    2.71324e-06
    2.62226e-06
    2.54843e-06
     2.4629e-06
    2.40339e-06
    2.35087e-06
    2.29222e-06
    2.23347e-06
    2.15976e-06
     2.0924e-06
    0.000342512
    2.39199e-06
    1.91571e-06
    1.85002e-06
    1.79803e-06
    1.73827e-06
    1.69585e-06
    1.65838e-06
    1.61681e-06
    1.57505e-06
    1.52333e-06
    1.47583e-06
     0.00023296
    1.67644e-06
    1.35108e-06
    1.30492e-06
    1.26816e-06
    1.22617e-06
    1.19601e-06
    1.16925e-06
    1.13975e-06
    1.11014e-06
     1.0738e-06
    0.000158481
    1.20234e-06
    9.80295e-07
    9.52337e-07
    9.19945e-07
    8.93973e-07
    8.68006e-07
    8.48732e-07
     8.2746e-07
    8.05399e-07
    7.79837e-07
    7.55397e-07
    0.000107791
    8.43344e-07
    6.90864e-07
    6.68103e-07
    6.49108e-07
    6.27709e-07
    6.11965e-07
    5.97806e-07
    5.82425e-07
    5.67106e-07
    5.48669e-07
    5.31673e-07
    7.33156e-05
    5.90769e-07
    4.86564e-07
     4.7022e-07
    4.56875e-07
    4.41935e-07
    4.30764e-07
    4.20717e-07
    4.09855e-07
     3.9901e-07
    3.86092e-07
    3.74132e-07
    4.98669e-05
     4.1358e-07
    3.42365e-07
    3.30898e-07
    3.21488e-07
    3.11008e-07
      3.031e-07
    2.95963e-07
    2.88283e-07
    2.80621e-07
    2.71559e-07
    3.39261e-05
    2.96574e-07
    2.47917e-07
    2.40795e-07
    2.32759e-07
    2.26128e-07
    2.19531e-07
    2.14397e-07
    2.08865e-07
    2.03194e-07
    1.96803e-07
     1.9068e-07
    2.30756e-05
    2.07768e-07
    1.74346e-07
    1.68684e-07
    1.63851e-07
    1.58527e-07
    1.54434e-07
    1.50703e-07
     1.4673e-07
    1.42792e-07
    1.38207e-07
    1.33949e-07
    1.56956e-05
    1.45391e-07
    1.22541e-07
    1.18494e-07
    1.15104e-07
     1.1139e-07
    1.08497e-07
    1.05859e-07
    1.03061e-07
    1.00282e-07
    9.70725e-08
    9.40818e-08
    1.06759e-05
    1.01687e-07
    8.60645e-08
    8.32286e-08
    8.08439e-08
    7.82415e-08
       7.62e-08
    7.43337e-08
    7.23615e-08
    7.04032e-08
    6.81548e-08
    7.26365e-06
    7.29095e-08
    6.22223e-08
    6.04243e-08
    5.84391e-08
    5.67625e-08
    5.51007e-08
     5.3759e-08
    5.23398e-08
    5.08978e-08
    4.93088e-08
    4.77836e-08
    4.94068e-06
    5.10246e-08
    4.36813e-08
    4.22795e-08
    4.10605e-08
    3.97422e-08
    3.86926e-08
    3.77252e-08
    3.67115e-08
      3.571e-08
    3.45749e-08
    3.35144e-08
    3.36065e-06
    3.56743e-08
    3.06516e-08
    2.96533e-08
    2.87996e-08
    2.78802e-08
    2.71403e-08
    2.64585e-08
    2.57462e-08
     2.5041e-08
    2.42474e-08
    2.35036e-08
    2.28594e-06
    2.49304e-08
    2.14949e-08
    2.07961e-08
    2.01966e-08
    1.95533e-08
    1.90324e-08
    1.85515e-08
    1.80505e-08
    1.75547e-08
    1.69993e-08
    1.64782e-08
    1.55492e-06
    1.74193e-08
    1.50692e-08
    1.45805e-08
    1.41598e-08
    1.37095e-08
     1.3343e-08
    1.30041e-08
    1.26517e-08
    1.23033e-08
    1.19147e-08
    1.05803e-06
     1.2488e-08
    1.08778e-08
    1.05617e-08
      1.022e-08
    9.92476e-09
    9.63321e-09
     9.3897e-09
    9.13636e-09
    8.88112e-09
    8.60585e-09
    8.34118e-09
    7.19694e-07
    8.73039e-09
    7.62355e-09
    7.38172e-09
    7.16763e-09
    6.94018e-09
    6.75286e-09
    6.57856e-09
    6.39851e-09
    6.22121e-09
    6.02544e-09
    5.84143e-09
    4.89557e-07
    6.09845e-09
    5.34096e-09
     5.1694e-09
    5.01965e-09
    4.86112e-09
    4.72942e-09
     4.6069e-09
    4.48063e-09
    4.35609e-09
    4.21933e-09
    4.09047e-09
    3.33013e-07
    4.25831e-09
    3.73988e-09
    3.61993e-09
    3.51495e-09
    3.40413e-09
    3.31164e-09
    3.22547e-09
    3.13684e-09
    3.04946e-09
    2.95385e-09
    2.26616e-07
    3.05252e-09
    2.69681e-09
    2.61815e-09
    2.53434e-09
    2.46078e-09
    2.38833e-09
    2.32645e-09
    2.26276e-09
    2.19895e-09
    2.13113e-09
    2.06585e-09
    1.54154e-07
    2.13245e-09
    1.88786e-09
    1.82845e-09
     1.7752e-09
    1.71932e-09
    1.67224e-09
    1.62815e-09
    1.58304e-09
    1.53871e-09
    1.49062e-09
    1.44523e-09
    1.04864e-07
    1.48864e-09
    1.32116e-09
    1.27913e-09
    1.24192e-09
    1.20299e-09
    1.16994e-09
      1.139e-09
    1.10741e-09
    1.07632e-09
    1.04275e-09
    1.01099e-09
     9.8023e-10
    9.52017e-10
    9.24173e-10
    8.94806e-10
    8.68753e-10
    8.41558e-10
    8.16809e-10
     7.9255e-10
    7.68842e-10
    7.46006e-10
    7.23557e-10
    7.01877e-10
    6.80903e-10
    6.60734e-10
    6.41164e-10
     6.2193e-10
    6.03299e-10
    5.85274e-10
     5.6778e-10
    5.50819e-10
     5.3438e-10
    5.18422e-10
    5.02951e-10
    4.87934e-10
    4.73367e-10
    4.59235e-10
    4.45525e-10
    4.32218e-10
    4.19306e-10
    4.06782e-10
    3.94633e-10
    3.82845e-10
    3.71411e-10
    3.60318e-10
    3.49557e-10
    3.39116e-10
    3.28987e-10
    3.19161e-10
    3.09628e-10
    3.00381e-10
    2.91409e-10
    2.82705e-10
    2.74261e-10
     2.6607e-10
    2.58123e-10
    2.50414e-10
    2.42935e-10
    2.35679e-10
     2.2864e-10
    2.21811e-10
    2.15187e-10
     2.0876e-10
    2.02525e-10
    1.96476e-10
    1.90608e-10
    1.84915e-10
    1.79392e-10
    1.74035e-10
    1.68837e-10
    1.63794e-10
    1.58902e-10
    1.54156e-10
    1.49552e-10
    1.45086e-10
    1.40752e-10
    1.36549e-10
     1.3247e-10
    1.28514e-10
    1.24676e-10
    1.20952e-10
    1.17339e-10
    1.13835e-10
    1.10435e-10
    1.07137e-10
    1.03937e-10
    1.00833e-10
    9.78211e-11
    9.48995e-11
    9.20651e-11
    8.93154e-11
    8.66479e-11
      8.406e-11
    8.15494e-11
    7.91138e-11
    7.67509e-11
    7.44586e-11
    7.22348e-11
    7.00774e-11
    6.79844e-11
    6.59539e-11
    6.39841e-11
    6.20731e-11
    6.02192e-11
    5.84206e-11
    5.66758e-11
    5.49831e-11
    5.33409e-11
    5.17478e-11
    5.02022e-11
    4.87029e-11
    4.72483e-11
    4.58371e-11
    4.44681e-11
      4.314e-11
    4.18515e-11
    4.06016e-11
    3.93889e-11
    3.82125e-11
    3.70712e-11
     3.5964e-11
    3.48899e-11
    3.38479e-11
    3.28369e-11
    3.18562e-11
    3.09048e-11
    2.99817e-11
    2.90863e-11
    2.82176e-11
    2.73748e-11
    2.65572e-11
     2.5764e-11
    2.49946e-11
     2.4248e-11
    2.35238e-11
    2.28213e-11
    2.21397e-11
    2.14784e-11
    2.08369e-11
    2.02146e-11
    1.96109e-11
    1.90251e-11
    1.84569e-11
    1.79057e-11
    1.73709e-11
    1.68521e-11
    1.63488e-11
    1.58605e-11
    1.53868e-11
    1.49272e-11
    1.44814e-11
    1.40489e-11
    1.36293e-11
    1.32222e-11
    1.28273e-11
    1.24442e-11
    1.20725e-11
     1.1712e-11
    1.13622e-11
    1.10228e-11
    1.06936e-11
    1.03742e-11
    1.00644e-11
     9.7638e-12
    9.47218e-12
    9.18928e-12
    8.91483e-12
    8.64857e-12
    8.39027e-12
    8.13968e-12
    7.89657e-12
    7.66073e-12
    7.43192e-12
    7.20996e-12
    6.99462e-12
    6.78571e-12
    6.58305e-12
    6.38643e-12
    6.19569e-12
    6.01065e-12
    5.83113e-12
    5.65697e-12
    5.48801e-12
    5.32411e-12
    5.16509e-12
    5.01083e-12
    4.86117e-12
    4.71598e-12
    4.57513e-12
    4.43849e-12
    4.30593e-12
    4.17732e-12
    4.05256e-12
    3.93152e-12
     3.8141e-12
    3.70019e-12
    3.58967e-12
    3.48246e-12
    3.37845e-12
    3.27755e-12
    3.17966e-12
    3.08469e-12
    2.99256e-12
    2.90318e-12
    2.81648e-12
    2.73236e-12
    2.65075e-12
    2.57158e-12
    2.49478e-12
    2.42027e-12
    2.34798e-12
    2.27785e-12
    2.20982e-12
    2.14382e-12
    2.07979e-12
    2.01768e-12
    1.95741e-12
    1.89895e-12
    1.84224e-12
    1.78722e-12
    1.73384e-12
    1.68205e-12
    1.63182e-12
    1.58308e-12
     1.5358e-12
    1.48993e-12
    1.44543e-12
    1.40226e-12
    1.36038e-12
    1.31975e-12
    1.28033e-12
    1.24209e-12
    1.20499e-12
    1.16901e-12
    1.13409e-12
    1.10022e-12
    1.06736e-12
    1.03548e-12
    1.00455e-12
    9.74552e-13
    9.45445e-13
    9.17208e-13
    8.89814e-13
    8.63238e-13
    8.37456e-13
    8.12444e-13
    7.88179e-13
    7.64639e-13
    7.41801e-13
    7.19646e-13
    6.98153e-13
    6.77301e-13
    6.57072e-13
    6.37448e-13
    6.18409e-13
    5.99939e-13
    5.82021e-13
    5.64638e-13
    5.47774e-13
    5.31414e-13
    5.15542e-13
    5.00145e-13
    4.85207e-13
    4.70716e-13
    4.56657e-13
    4.43018e-13
    4.29787e-13
     4.1695e-13
    4.04497e-13
    3.92416e-13
    3.80696e-13
    3.69326e-13
    3.58295e-13
    3.47594e-13
    3.37213e-13
    3.27141e-13
    3.17371e-13
    3.07892e-13
    2.98696e-13
    2.89775e-13
     2.8112e-13
    2.72724e-13
    2.64579e-13
    2.56677e-13
    2.49011e-13
    2.41574e-13
    2.34359e-13
    2.27359e-13
    2.20569e-13
    2.13981e-13
     2.0759e-13
     2.0139e-13
    1.95375e-13
     1.8954e-13
    1.83879e-13
    1.78387e-13
    1.73059e-13
    1.67891e-13
    1.62876e-13
    1.58012e-13
    1.53292e-13
    1.48714e-13
    1.44272e-13
    1.39963e-13
    1.35783e-13
    1.31728e-13
    1.27794e-13
    1.23977e-13
    1.20274e-13
    1.16682e-13
    1.13197e-13
    1.09816e-13
    1.06536e-13
    1.03354e-13
    1.00267e-13
    9.72728e-14
    9.43676e-14
    9.15491e-14
    8.88148e-14
    8.61622e-14
    8.35889e-14
    8.10923e-14
    7.86704e-14
    7.63207e-14
    7.40413e-14
    7.18299e-14
    6.96846e-14
    6.76033e-14
    6.55842e-14
    6.36255e-14
    6.17252e-14
    5.98816e-14
    5.80932e-14
    5.63581e-14
    5.46749e-14
    5.30419e-14
    5.14577e-14
    4.99209e-14
    4.84299e-14
    4.69835e-14
    4.55802e-14
    4.42189e-14
    4.28982e-14
     4.1617e-14
     4.0374e-14
    3.91682e-14
    3.79983e-14
    3.68635e-14
    3.57625e-14
    3.46944e-14
    3.36582e-14
    3.26529e-14
    3.16777e-14
    3.07316e-14
    2.98137e-14
    2.89233e-14
    2.80594e-14
    2.72214e-14
    2.64084e-14
    2.56196e-14
    2.48545e-14
    2.41121e-14
     2.3392e-14
    2.26933e-14
    2.20156e-14
     2.1358e-14
    2.07201e-14
    2.01013e-14
    1.95009e-14
    1.89185e-14
    1.83535e-14
    1.78053e-14
    1.72735e-14
    1.67576e-14
    1.62571e-14
    1.57716e-14
    1.53005e-14
    1.48436e-14
    1.44002e-14
    1.39701e-14
    1.35529e-14
    1.31481e-14
    1.27554e-14
    1.23745e-14
    1.20049e-14
    1.16463e-14
    1.12985e-14
     1.0961e-14
    1.06337e-14
    1.03161e-14
     1.0008e-14
    9.70907e-15
    9.41909e-15
    9.13778e-15
    8.86486e-15
     8.6001e-15
    8.34324e-15
    8.09405e-15
    7.85231e-15
    7.61779e-15
    7.39027e-15
    7.16955e-15
    6.95542e-15
    6.74768e-15
    6.54615e-15
    6.35064e-15
    6.16096e-15
    5.97696e-15
    5.79844e-15
    5.62526e-15
    5.45726e-15
    5.29426e-15
