              0
              0
              0
              0
              0
              0
              0
              0
              0
              0
              0
     0.00735113
              0
     0.00392474
    1.78427e-05
     0.00584945
    0.000162027
     0.00290197
    0.000148112
     0.00313792
    0.000463587
      0.0122414
     0.00134437
      0.0081024
      0.0594689
     0.00894686
     0.00104525
     0.00385799
     0.00293013
    0.000543351
     0.00111624
     0.00180761
    0.000461441
    0.000461523
    0.000452535
     0.00257068
    0.000292952
     0.00035808
    0.000366955
     0.00253333
    0.000226676
    0.000339234
    0.000167745
     0.00148028
    0.000135063
    0.000198041
     0.00314904
     0.00154522
    0.000421596
    0.000876152
    6.29996e-05
     0.00167351
    6.38756e-05
    6.52029e-05
    0.000486409
    0.000104279
    8.96516e-05
     0.00011709
     0.00119595
    0.000152823
    6.69406e-05
    3.38313e-05
     0.00107475
    3.14427e-05
    2.68558e-05
    2.67456e-05
    0.000147212
    6.45584e-05
    5.08236e-05
    7.69208e-05
    0.000697769
    5.17207e-05
    1.99687e-05
     2.1752e-05
    0.000735394
    1.21058e-05
    1.58751e-05
    2.44954e-05
    3.19012e-05
    1.76219e-05
    2.60239e-05
    4.20654e-05
     0.00047189
    1.33621e-05
    9.74544e-06
    9.45613e-06
    0.000492949
    7.61201e-06
    1.25505e-05
    1.89538e-05
    2.29721e-05
    1.15008e-05
    2.35465e-05
    2.83774e-05
     0.00032065
    8.28246e-06
    6.03824e-06
    5.54565e-06
    0.000334404
    4.30575e-06
    6.14665e-06
    1.01198e-05
    1.40408e-05
    7.37781e-06
    1.13857e-05
    1.87009e-05
    0.000217572
    5.26879e-06
    3.81468e-06
    3.55455e-06
    0.000227216
     2.8143e-06
    4.09688e-06
    6.80071e-06
     9.4741e-06
    4.96915e-06
    7.71661e-06
     0.00014625
    1.43851e-05
    3.57162e-06
    2.82588e-06
    0.000154536
    2.48591e-06
    2.31391e-06
    2.72999e-06
    5.23652e-06
    7.87536e-06
     5.2387e-06
    8.84186e-06
    0.000100612
    2.54664e-06
    1.71224e-06
    1.70714e-06
    0.000105101
     1.3139e-06
     1.8996e-06
     3.1977e-06
    4.39985e-06
    2.32867e-06
    3.57241e-06
    5.88607e-06
    6.84159e-05
     1.6608e-06
    1.19677e-06
    1.11988e-06
    7.14433e-05
    8.84711e-07
    1.28747e-06
    2.13797e-06
    2.97848e-06
    1.56215e-06
    2.42605e-06
    3.99302e-06
    4.65156e-05
    1.12291e-06
    8.12627e-07
    7.57466e-07
    4.85796e-05
    5.99788e-07
    8.74178e-07
    1.45259e-06
    2.02442e-06
    1.06146e-06
    1.64911e-06
    3.12696e-05
    3.07527e-06
    7.63289e-07
    6.03911e-07
    3.30417e-05
    5.31333e-07
      4.946e-07
     5.8359e-07
    1.11955e-06
    1.68378e-06
    1.12005e-06
    1.89047e-06
    2.15123e-05
    5.44479e-07
     3.6608e-07
    3.64994e-07
    2.24721e-05
    2.80921e-07
    4.06152e-07
    6.83707e-07
    9.40744e-07
    4.97897e-07
    7.63827e-07
    1.25852e-06
    1.46283e-05
    3.55101e-07
    2.55885e-07
    2.39444e-07
    1.52756e-05
    1.89163e-07
    2.75277e-07
    4.57126e-07
    6.36841e-07
    3.34009e-07
    5.18724e-07
    8.53763e-07
    9.94566e-06
    2.40094e-07
    1.73751e-07
    1.61957e-07
     1.0387e-05
    1.28243e-07
    1.86911e-07
    3.10584e-07
    4.32849e-07
    2.26955e-07
    3.52602e-07
    6.68588e-06
    6.57534e-07
    1.63202e-07
    1.29124e-07
    7.06476e-06
    1.13606e-07
    1.05752e-07
     1.2478e-07
    2.39374e-07
    3.60016e-07
    2.39482e-07
    4.04208e-07
    4.59962e-06
    1.16417e-07
     7.8273e-08
    7.80408e-08
    4.80484e-06
    6.00647e-08
    8.68408e-08
    1.46186e-07
    2.01144e-07
    1.06457e-07
    1.63317e-07
    2.69089e-07
    3.12772e-06
    7.59254e-08
    5.47118e-08
    5.11964e-08
    3.26612e-06
    4.04456e-08
    5.88581e-08
    9.77399e-08
    1.36165e-07
    7.14158e-08
     1.1091e-07
    1.82546e-07
    2.12652e-06
    5.13353e-08
    3.71503e-08
    3.46285e-08
    2.22088e-06
    2.74201e-08
    3.99642e-08
    6.64072e-08
    9.25492e-08
     4.8526e-08
    7.53912e-08
    1.42953e-06
     1.4059e-07
    3.48948e-08
    2.76086e-08
    1.51054e-06
    2.42906e-08
    2.26113e-08
    2.66796e-08
    5.11815e-08
    7.69765e-08
    5.12045e-08
    8.64251e-08
    9.83463e-07
    2.48916e-08
    1.67358e-08
    1.66862e-08
    1.02734e-06
    1.28427e-08
    1.85678e-08
    3.12566e-08
    4.30073e-08
     2.2762e-08
    3.49193e-08
    5.75349e-08
    6.68751e-07
    1.62339e-08
    1.16981e-08
    1.09465e-08
    6.98342e-07
    8.64783e-09
    1.25847e-08
    2.08981e-08
     2.9114e-08
    1.52697e-08
    2.37141e-08
    3.90309e-08
    4.54679e-07
    1.09762e-08
    7.94324e-09
    7.40406e-09
    4.74855e-07
    5.86279e-09
    8.54489e-09
    1.41988e-08
    1.97883e-08
    1.03755e-08
    1.61197e-08
    2.65357e-08
    3.09178e-07
    7.46098e-09
    5.39939e-09
     5.0331e-09
      3.229e-07
    3.98564e-09
    5.80976e-09
    9.65452e-09
    1.34555e-08
    7.05494e-09
    1.09611e-08
    2.07844e-07
    2.04406e-08
    5.07329e-09
    4.01397e-09
    2.19623e-07
    3.53161e-09
    3.28747e-09
    3.87898e-09
    7.44142e-09
    1.11918e-08
    7.44477e-09
    1.25656e-08
    1.42989e-07
    3.61906e-09
    2.43327e-09
    2.42605e-09
    1.49369e-07
    1.86723e-09
    2.69962e-09
    4.54449e-09
    6.25298e-09
    3.30944e-09
    5.07704e-09
    8.36519e-09
    9.72319e-08
     2.3603e-09
    1.70083e-09
    1.59155e-09
    1.01534e-07
    1.25734e-09
    1.82973e-09
    3.03845e-09
    4.23298e-09
    2.22011e-09
    3.44788e-09
    5.67483e-09
    6.61073e-08
    1.59587e-09
    1.15489e-09
     1.0765e-09
    6.90408e-08
    8.52411e-10
    1.24237e-09
    2.06441e-09
    2.87709e-09
    1.50853e-09
    2.34369e-09
      4.444e-08
    4.37053e-09
    1.08478e-09
    8.58271e-10
    4.69584e-08
    7.55124e-10
    7.02919e-10
    8.29391e-10
    1.59109e-09
    2.39297e-09
     1.5918e-09
    2.68671e-09
     3.0573e-08
    7.73807e-10
    5.20269e-10
    5.18725e-10
    3.19371e-08
    3.99241e-10
    5.77218e-10
    9.71676e-10
    1.33697e-09
    7.07605e-10
    1.08554e-09
    1.78859e-09
    2.07895e-08
    5.04665e-10
    3.63661e-10
    3.40295e-10
    2.17094e-08
    2.68836e-10
    3.91221e-10
    6.49663e-10
     9.0507e-10
     4.7469e-10
    7.37204e-10
    1.21336e-09
    1.41347e-08
    3.41218e-10
    2.46932e-10
    2.30171e-10
    1.47619e-08
    1.82257e-10
    2.65636e-10
    4.41399e-10
     6.1516e-10
    3.22545e-10
    5.01114e-10
    9.50189e-09
     9.3448e-10
     2.3194e-10
     1.8351e-10
    1.00404e-08
    1.61456e-10
    1.50294e-10
    1.77335e-10
    3.40196e-10
    5.11651e-10
    3.40349e-10
    5.74455e-10
    6.53693e-09
     1.6545e-10
    1.11241e-10
    1.10911e-10
    6.82858e-09
    8.53632e-11
    1.23417e-10
    2.07758e-10
    2.85863e-10
    1.51296e-10
    2.32104e-10
    3.82426e-10
    4.44508e-09
    1.07904e-10
    7.77557e-11
    7.27597e-11
    4.64178e-09
    5.74808e-11
    8.36484e-11
    1.38907e-10
    1.93516e-10
    1.01495e-10
    1.57624e-10
    2.59433e-10
    3.02218e-09
    7.29571e-11
    5.27976e-11
    4.92137e-11
    3.15629e-09
    3.89691e-11
    5.67966e-11
    9.43771e-11
     1.3153e-10
    6.89646e-11
    1.07145e-10
    2.03163e-09
    1.99805e-10
     4.9592e-11
     3.9237e-11
    2.14677e-09
    3.45215e-11
    3.21349e-11
    3.79167e-11
    7.27386e-11
    1.09398e-10
    7.27713e-11
    1.22826e-10
    1.39769e-09
    3.53756e-11
    2.37848e-11
    2.37142e-11
    1.46004e-09
    1.82518e-11
    2.63883e-11
    4.44215e-11
    6.11215e-11
    3.23491e-11
     4.9627e-11
    8.17679e-11
     9.5042e-10
    2.30714e-11
    1.66252e-11
     1.5557e-11
    9.92475e-10
    1.22902e-11
    1.78852e-11
    2.97002e-11
    4.13765e-11
    2.17011e-11
    3.37022e-11
    5.54703e-11
    6.46185e-10
    1.55992e-11
    1.12888e-11
    1.05226e-11
    6.74858e-10
    8.33213e-12
    1.21439e-11
    2.01791e-11
    2.81229e-11
    1.47456e-11
    2.29091e-11
    3.77122e-11
      4.394e-10
    1.06035e-11
    7.67355e-12
    7.15298e-12
    4.58902e-10
    5.66435e-12
    8.25675e-12
    1.37209e-11
    1.91228e-11
    1.00264e-11
    1.55777e-11
    2.95386e-10
      2.905e-11
    7.21011e-12
    5.70461e-12
    3.12125e-10
    5.01908e-12
    4.67211e-12
    5.51276e-12
    1.05756e-11
    1.59057e-11
    1.05804e-11
    1.78581e-11
    2.03214e-10
    5.14336e-12
    3.45813e-12
    3.44788e-12
    2.12281e-10
    2.65369e-12
    3.83667e-12
    6.45858e-12
    8.88666e-12
    4.70334e-12
    7.21543e-12
    1.18885e-11
    1.38185e-10
    3.35443e-12
     2.4172e-12
    2.26189e-12
    1.44299e-10
    1.78691e-12
    2.60039e-12
    4.31821e-12
    6.01587e-12
    3.15519e-12
    4.90008e-12
    8.06501e-12
     9.3951e-11
    2.26803e-12
    1.64132e-12
    1.52991e-12
    9.81199e-11
    1.21144e-12
    1.76564e-12
    2.93391e-12
    4.08888e-12
    2.14391e-12
    3.33083e-12
    6.31576e-11
    6.21135e-12
    1.54167e-12
    1.21976e-12
    6.67367e-11
    1.07317e-12
     9.9898e-13
    1.17872e-12
    2.26123e-12
    3.40087e-12
    2.26225e-12
    3.81832e-12
      4.345e-11
    1.09972e-12
      7.394e-13
    7.37206e-13
    4.53886e-11
    5.67397e-13
    8.20335e-13
    1.38093e-12
    1.90009e-12
    1.00564e-12
    1.54276e-12
    2.54193e-12
    2.95458e-11
    7.17223e-13
    5.16831e-13
    4.83623e-13
    3.08532e-11
    3.82066e-13
    5.55998e-13
    9.23293e-13
    1.28627e-12
    6.74624e-13
     1.0477e-12
    1.72441e-12
    1.95329e-12
    4.84935e-13
    3.50937e-13
    2.94389e-13
    2.89504e-13
     2.1101e-13
    2.74348e-13
    5.30981e-13
    6.94195e-13
    8.32179e-14
    8.40452e-14
    5.57863e-14
    5.33784e-14
    3.72067e-14
     4.3253e-14
    3.38085e-14
    2.81157e-14
    2.57909e-14
    2.45257e-14
    1.68554e-14
    1.38771e-14
    9.36141e-15
     8.5331e-15
    6.46399e-15
    4.88777e-15
    3.51025e-15
    3.20848e-15
    2.34539e-15
    1.94524e-15
    1.54808e-15
    1.26338e-15
    9.97756e-16
    7.92394e-16
    6.18154e-16
    4.86054e-16
    3.68458e-16
    2.85642e-16
    2.22115e-16
    1.76542e-16
     1.3916e-16
     1.1259e-16
    8.88529e-17
     7.1406e-17
    5.69353e-17
    4.56614e-17
    3.62437e-17
    2.87388e-17
    2.26419e-17
    1.78842e-17
    1.40646e-17
    1.10977e-17
     8.7634e-18
    6.96135e-18
    5.52565e-18
    4.39467e-18
    3.48636e-18
    2.76729e-18
    2.18974e-18
    1.73443e-18
    1.37036e-18
    1.08265e-18
    8.54212e-19
    6.74591e-19
    5.32816e-19
    4.21455e-19
    3.33549e-19
    2.64282e-19
    2.09397e-19
    1.65961e-19
    1.31473e-19
    1.04134e-19
    8.24269e-20
    6.52367e-20
    5.16138e-20
    4.08422e-20
    3.23177e-20
    2.55803e-20
    2.02511e-20
    1.60374e-20
    1.27019e-20
     1.0061e-20
     7.9681e-21
    6.30975e-21
    4.99534e-21
    3.95414e-21
    3.12936e-21
    2.47646e-21
    1.95969e-21
    1.55086e-21
     1.2274e-21
     9.7152e-22
    7.69044e-22
    6.08818e-22
    4.81984e-22
    3.81574e-22
    3.02069e-22
     2.3912e-22
    1.89279e-22
    1.49823e-22
     1.1859e-22
    9.38689e-23
    7.43027e-23
    5.88172e-23
    4.65607e-23
    3.68594e-23
      2.918e-23
    2.31007e-23
    1.82877e-23
    1.44773e-23
    1.14604e-23
    9.07207e-24
    7.18131e-24
    5.68456e-24
    4.49975e-24
    3.56191e-24
    2.81956e-24
    2.23194e-24
    1.76681e-24
    1.39861e-24
    1.10715e-24
    8.76424e-25
    6.93777e-25
     5.4919e-25
    4.34733e-25
    3.44129e-25
    2.72408e-25
    2.15635e-25
    1.70695e-25
    1.35122e-25
    1.06962e-25
    8.46717e-26
    6.70265e-26
    5.30586e-26
    4.20014e-26
    3.32484e-26
    2.63195e-26
    2.08345e-26
    1.64925e-26
    1.30554e-26
    1.03346e-26
    8.18086e-27
    6.47595e-27
    5.12636e-27
    4.05802e-27
    3.21233e-27
    2.54288e-27
    2.01294e-27
    1.59344e-27
    1.26136e-27
     9.9849e-28
    7.90401e-28
    6.25679e-28
    4.95285e-28
    3.92067e-28
    3.10359e-28
     2.4568e-28
     1.9448e-28
     1.5395e-28
    1.21867e-28
    9.64694e-29
    7.63651e-29
    6.04505e-29
    4.78525e-29
    3.78799e-29
    2.99857e-29
    2.37366e-29
    1.87899e-29
     1.4874e-29
    1.17743e-29
    9.32048e-30
    7.37808e-30
    5.84048e-30
    4.62331e-30
    3.65981e-30
     2.8971e-30
    2.29334e-30
     1.8154e-30
    1.43707e-30
    1.13758e-30
    9.00506e-31
    7.12839e-31
    5.64282e-31
    4.46685e-31
    3.53595e-31
    2.79905e-31
    2.21572e-31
    1.75396e-31
    1.38843e-31
    1.09908e-31
    8.70031e-32
    6.88715e-32
    5.45185e-32
    4.31568e-32
    3.41628e-32
    2.70432e-32
    2.14074e-32
    1.69461e-32
    1.34145e-32
    1.06189e-32
    8.40588e-33
    6.65408e-33
    5.26736e-33
    4.16963e-33
    3.30067e-33
    2.61281e-33
    2.06829e-33
    1.63726e-33
    1.29605e-33
    1.02595e-33
     8.1214e-34
    6.42889e-34
     5.0891e-34
    4.02852e-34
    3.18897e-34
    2.52438e-34
     1.9983e-34
    1.58185e-34
    1.25219e-34
     9.9123e-35
    7.84656e-35
    6.21132e-35
    4.91687e-35
    3.89219e-35
    3.08105e-35
    2.43895e-35
    1.93067e-35
    1.52832e-35
    1.20981e-35
    9.57685e-36
    7.58102e-36
    6.00112e-36
    4.75048e-36
    3.76047e-36
    2.97678e-36
    2.35641e-36
    1.86533e-36
    1.47659e-36
    1.16887e-36
    9.25275e-37
    7.32446e-37
    5.79803e-37
    4.58971e-37
    3.63321e-37
    2.87604e-37
    2.27667e-37
    1.80221e-37
    1.42662e-37
    1.12931e-37
    8.93962e-38
    7.07659e-38
    5.60182e-38
    4.43439e-38
    3.51025e-38
    2.77871e-38
    2.19962e-38
    1.74122e-38
    1.37834e-38
    1.09109e-38
    8.63709e-39
     6.8371e-39
    5.41224e-39
    4.28432e-39
    3.39146e-39
    2.68467e-39
    2.12518e-39
    1.68229e-39
     1.3317e-39
    1.05417e-39
    8.34479e-40
    6.60572e-40
    5.22908e-40
    4.13933e-40
    3.27669e-40
    2.59382e-40
    2.05326e-40
    1.62536e-40
    1.28663e-40
     1.0185e-40
    8.06239e-41
    6.38217e-41
    5.05212e-41
    3.99925e-41
     3.1658e-41
    2.50604e-41
    1.98378e-41
    1.57035e-41
    1.24309e-41
    9.84027e-42
    7.78954e-42
    6.16619e-42
    4.88114e-42
     3.8639e-42
    3.05866e-42
    2.42123e-42
    1.91664e-42
    1.51721e-42
    1.20102e-42
    9.50726e-43
    7.52593e-43
    5.95751e-43
    4.71596e-43
    3.73314e-43
    2.95515e-43
    2.33929e-43
    1.85178e-43
    1.46586e-43
    1.16038e-43
    9.18552e-44
    7.27124e-44
     5.7559e-44
    4.55636e-44
    3.60681e-44
    2.85514e-44
    2.26012e-44
    1.78911e-44
    1.41626e-44
    1.12111e-44
    8.87466e-45
    7.02517e-45
    5.56111e-45
    4.40216e-45
    3.48475e-45
    2.75852e-45
    2.18364e-45
    1.72856e-45
    1.36833e-45
    1.08317e-45
    8.57432e-46
    6.78742e-46
    5.37291e-46
    4.25319e-46
    3.36681e-46
    2.66516e-46
    2.10974e-46
    1.67007e-46
    1.32202e-46
    1.04651e-46
    8.28415e-47
    6.55772e-47
    5.19108e-47
    4.10925e-47
    3.25288e-47
    2.57497e-47
    2.03834e-47
    1.61355e-47
    1.27728e-47
    1.01109e-47
     8.0038e-48
     6.3358e-48
     5.0154e-48
    3.97019e-48
    3.14279e-48
    2.48783e-48
    1.96936e-48
    1.55894e-48
    1.23406e-48
    9.76877e-49
    7.73294e-49
    6.12138e-49
    4.84567e-49
    3.83583e-49
    3.03643e-49
    2.40364e-49
    1.90271e-49
    1.50618e-49
    1.19229e-49
    9.43817e-50
    7.47124e-50
    5.91422e-50
    4.68169e-50
    3.70602e-50
    2.93368e-50
    2.32229e-50
    1.83832e-50
    1.45521e-50
    1.15194e-50
    9.11877e-51
     7.2184e-51
    5.71407e-51
    4.52325e-51
     3.5806e-51
    2.83439e-51
     2.2437e-51
    1.77611e-51
    1.40597e-51
    1.11296e-51
    8.81017e-52
    6.97412e-52
     5.5207e-52
    4.37017e-52
    3.45942e-52
    2.73847e-52
    2.16777e-52
      1.716e-52
    1.35839e-52
     1.0753e-52
    8.51202e-53
     6.7381e-53
    5.33387e-53
    4.22228e-53
