              0
              0
              0
              0
              0
              0
              0
              0
              0
              0
      0.0130894
              0
              0
      0.0179925
     0.00802179
     0.00793036
     0.00398166
      0.0026965
      0.0122337
     0.00392606
      0.0241561
      0.0266197
      0.0261316
      0.0076782
     0.00863809
      0.0070779
      0.0127457
      0.0107287
     0.00868477
      0.0260362
     0.00820592
     0.00918225
     0.00900576
     0.00916942
      0.0152642
     0.00769856
     0.00723043
      0.0069069
     0.00999284
     0.00694126
     0.00712906
     0.00692626
      0.0066847
      0.0065675
     0.00841716
     0.00621488
      0.0106483
     0.00589903
     0.00781672
     0.00580131
      0.0077688
     0.00539306
     0.00544264
     0.00540781
     0.00551068
     0.00618419
     0.00529349
     0.00792341
     0.00516194
     0.00482771
     0.00467668
       0.006051
     0.00444521
     0.00432021
     0.00421794
     0.00421776
     0.00417738
     0.00404626
      0.0042896
     0.00588055
     0.00371753
     0.00364003
     0.00354776
     0.00438958
     0.00330322
     0.00323831
     0.00315606
     0.00314893
     0.00309484
     0.00298463
     0.00292674
     0.00419992
      0.0027574
     0.00268843
     0.00264036
     0.00321205
     0.00247722
     0.00241959
     0.00236191
        0.00235
     0.00230682
     0.00222012
     0.00216539
     0.00302833
     0.00202101
     0.00197946
     0.00193827
     0.00232074
     0.00180789
     0.00176964
     0.00172158
     0.00171417
     0.00167991
      0.0016175
      0.0015768
     0.00215971
     0.00147108
     0.00143983
     0.00140827
      0.0016659
     0.00131469
      0.0012866
     0.00125187
      0.0012448
      0.0012194
     0.00117493
     0.00155211
     0.00113265
     0.00106928
     0.00104603
     0.00123242
    0.000986058
    0.000961377
    0.000942838
    0.000926991
    0.000910123
     0.00087717
     0.00085385
      0.0011195
    0.000798347
    0.000779819
    0.000761904
    0.000877444
    0.000712293
    0.000696193
    0.000677139
    0.000670856
     0.00065617
    0.000632886
    0.000616412
    0.000796184
    0.000576229
    0.000563005
    0.000549817
    0.000627633
      0.0005141
    0.000502259
    0.000488418
    0.000483363
    0.000472626
    0.000455969
    0.000444032
    0.000565517
    0.000415204
    0.000405527
    0.000395863
    0.000448118
    0.000370274
    0.000361602
    0.000351586
    0.000347566
      0.0003397
    0.000327829
    0.000406182
    0.000314271
    0.000298562
    0.000291497
    0.000329316
    0.000274672
    0.000267485
    0.000261669
    0.000256485
    0.000251137
    0.000242402
    0.000235777
    0.000290989
    0.000220779
    0.000215323
    0.000210041
    0.000233338
    0.000196661
    0.000191894
    0.000186535
    0.000183945
    0.000179596
    0.000173444
    0.000168783
    0.000206116
    0.000158015
    0.000154148
     0.00015032
     0.00016598
    0.000140756
    0.000137303
     0.00013345
    0.000131502
    0.000128366
    0.000123989
    0.000120645
    0.000145852
    0.000112969
    0.000110177
     0.00010741
    0.000117902
    0.000100599
    9.81043e-05
    9.53419e-05
    9.38801e-05
    9.16138e-05
    8.85087e-05
    0.000104712
    8.45262e-05
    8.06498e-05
     7.8637e-05
    8.62362e-05
    7.40799e-05
    7.20847e-05
    7.03964e-05
    6.88564e-05
    6.72943e-05
    6.50206e-05
    6.32102e-05
    7.46329e-05
    5.92504e-05
    5.77239e-05
    5.62457e-05
    6.08883e-05
    5.27178e-05
    5.13799e-05
    4.99249e-05
    4.90713e-05
    4.78503e-05
    4.62527e-05
    4.49824e-05
    5.26991e-05
    4.21567e-05
    4.10799e-05
    4.00188e-05
    4.31318e-05
    3.75102e-05
    3.65506e-05
    3.55119e-05
    3.48871e-05
    3.40142e-05
    3.28821e-05
    3.19769e-05
     3.7182e-05
    2.99719e-05
    2.92012e-05
     2.8441e-05
     3.0521e-05
    2.66625e-05
    2.59753e-05
    2.52354e-05
     2.4778e-05
    2.41529e-05
    2.33526e-05
    2.66848e-05
    2.22406e-05
    2.12872e-05
    2.07361e-05
    2.22438e-05
     1.9531e-05
    1.89941e-05
    1.85261e-05
    1.80931e-05
    1.76584e-05
    1.70746e-05
    1.65928e-05
    1.89432e-05
     1.5565e-05
    1.51521e-05
    1.47522e-05
    1.56634e-05
    1.38374e-05
    1.34748e-05
    1.30893e-05
    1.28347e-05
    1.25037e-05
    1.20942e-05
    1.17567e-05
    1.33428e-05
    1.10267e-05
    1.07364e-05
    1.04511e-05
    1.10602e-05
     9.8033e-06
    9.54485e-06
    9.27111e-06
    9.08738e-06
    8.85214e-06
    8.56291e-06
     8.3236e-06
    9.39211e-06
    7.80743e-06
    7.60087e-06
    7.39778e-06
    7.80318e-06
    6.94004e-06
    6.75609e-06
    6.56198e-06
    6.42934e-06
     6.2619e-06
    6.05801e-06
    5.88823e-06
    6.60801e-06
    5.52381e-06
    5.37693e-06
    5.23262e-06
    5.50225e-06
    4.90947e-06
     4.7787e-06
    4.64119e-06
    4.54565e-06
    4.42661e-06
    4.28294e-06
     4.7409e-06
    4.06903e-06
    3.90547e-06
    3.80114e-06
    3.99686e-06
    3.57965e-06
    3.47949e-06
    3.39002e-06
    3.30626e-06
    3.22288e-06
    3.11842e-06
    3.02937e-06
    3.35268e-06
    2.84364e-06
    2.76627e-06
    2.69129e-06
    2.80746e-06
    2.52615e-06
    2.45805e-06
    2.38711e-06
    2.33563e-06
    2.27348e-06
    2.20034e-06
    2.13808e-06
    2.35588e-06
    2.00671e-06
    1.95245e-06
    1.89929e-06
    1.97649e-06
    1.78275e-06
     1.7345e-06
    1.68434e-06
    1.64758e-06
    1.60363e-06
    1.55213e-06
    1.50816e-06
    1.65461e-06
    1.41558e-06
    1.37717e-06
    1.33952e-06
    1.39058e-06
    1.25743e-06
    1.22327e-06
    1.18785e-06
    1.16158e-06
    1.13046e-06
    1.09425e-06
    1.18684e-06
    1.03801e-06
     9.9802e-07
    9.70844e-07
    1.00797e-06
    9.14184e-07
    8.88324e-07
    8.64881e-07
    8.42789e-07
    8.20904e-07
    7.94633e-07
    7.71774e-07
    8.37197e-07
    7.24764e-07
    7.04733e-07
    6.85319e-07
    7.06875e-07
    6.43543e-07
    6.25895e-07
    6.07731e-07
    5.93817e-07
    5.77707e-07
    5.59333e-07
    5.43366e-07
    5.87359e-07
    5.10205e-07
    4.96179e-07
    4.82462e-07
    4.96688e-07
     4.5305e-07
    4.40587e-07
     4.2778e-07
      4.179e-07
    4.06543e-07
    3.93629e-07
    3.82383e-07
    4.11908e-07
    3.59063e-07
    3.49166e-07
    3.39482e-07
    3.48814e-07
    3.18808e-07
    3.10012e-07
    3.00991e-07
    2.93971e-07
    2.85955e-07
     2.7689e-07
    2.95405e-07
    2.62339e-07
    2.52583e-07
    2.45602e-07
    2.52404e-07
     2.3125e-07
    2.24652e-07
    2.18602e-07
    2.12873e-07
    2.07218e-07
    2.00654e-07
    1.94848e-07
    2.07945e-07
    1.83041e-07
     1.7792e-07
    1.72955e-07
    1.76775e-07
    1.62468e-07
    1.57952e-07
    1.53348e-07
    1.49673e-07
    1.45551e-07
    1.40964e-07
    1.36912e-07
    1.45699e-07
    1.28602e-07
     1.2502e-07
    1.21522e-07
    1.24015e-07
    1.14153e-07
    1.10972e-07
    1.07732e-07
    1.05134e-07
    1.02235e-07
     9.9016e-08
    9.61679e-08
     1.0205e-07
    9.03338e-08
    8.78128e-08
    8.53492e-08
    8.69633e-08
    8.01779e-08
    7.79383e-08
    7.56615e-08
    7.38228e-08
    7.17813e-08
    6.95254e-08
    7.31757e-08
    6.58068e-08
    6.34306e-08
    6.16564e-08
    6.28378e-08
    5.80497e-08
     5.6382e-08
    5.48393e-08
    5.33723e-08
    5.19285e-08
    5.02974e-08
    4.88351e-08
    5.14213e-08
    4.58885e-08
    4.45919e-08
    4.33348e-08
    4.39617e-08
    4.07186e-08
    3.95743e-08
    3.84165e-08
    3.74629e-08
    3.64183e-08
    3.52794e-08
    3.42595e-08
    3.59894e-08
    3.21893e-08
    3.12833e-08
    3.03993e-08
    3.08005e-08
    2.85639e-08
    2.77596e-08
    2.69466e-08
    2.62742e-08
    2.55409e-08
    2.47427e-08
    2.40271e-08
    2.51814e-08
    2.25758e-08
    2.19394e-08
    2.13181e-08
    2.15716e-08
    2.00318e-08
    1.94667e-08
    1.88962e-08
    1.84219e-08
    1.79066e-08
    1.73478e-08
    1.68455e-08
    1.76153e-08
    1.58288e-08
    1.53818e-08
    1.49455e-08
    1.51044e-08
    1.40444e-08
    1.36475e-08
    1.32473e-08
    1.29129e-08
     1.2551e-08
    1.21598e-08
    1.26293e-08
    1.14985e-08
    1.10953e-08
    1.07814e-08
    1.08989e-08
    1.01501e-08
    9.85658e-09
    9.58273e-09
    9.32138e-09
    9.06482e-09
    8.78242e-09
    8.52593e-09
    8.85936e-09
    8.01363e-09
    7.78503e-09
    7.56338e-09
    7.61682e-09
     7.1087e-09
    6.90683e-09
    6.70407e-09
      6.532e-09
    6.34772e-09
    6.15069e-09
     5.9719e-09
    6.19382e-09
     5.6126e-09
    5.45302e-09
    5.29749e-09
    5.32961e-09
    4.97898e-09
    4.83737e-09
    4.69523e-09
    4.57426e-09
    4.44511e-09
    4.30722e-09
    4.18197e-09
    4.32922e-09
    3.93044e-09
    3.81855e-09
    3.70945e-09
    3.72808e-09
    3.48654e-09
    3.38723e-09
    3.28765e-09
    3.20255e-09
    3.11198e-09
    3.01555e-09
    3.10351e-09
    2.84969e-09
     2.7518e-09
    2.67336e-09
    2.68748e-09
    2.51671e-09
     2.4436e-09
    2.37501e-09
    2.30939e-09
    2.24508e-09
    2.17554e-09
    2.11181e-09
    2.17447e-09
    1.98527e-09
    1.92828e-09
    1.87301e-09
    1.87679e-09
    1.76073e-09
    1.71038e-09
    1.66005e-09
    1.61649e-09
    1.57052e-09
    1.52202e-09
    1.47762e-09
    1.51907e-09
    1.38898e-09
    1.34922e-09
    1.31049e-09
    1.31205e-09
    1.23193e-09
    1.19665e-09
    1.16141e-09
    1.13084e-09
    1.09866e-09
    1.06475e-09
    1.03368e-09
    1.00574e-09
    9.71687e-10
    9.43842e-10
     9.1671e-10
    8.88513e-10
    8.61777e-10
    8.36227e-10
    8.10397e-10
    7.86468e-10
     7.6287e-10
    7.40017e-10
    7.17948e-10
    6.96572e-10
    6.75724e-10
    6.55575e-10
    6.36018e-10
    6.17082e-10
     5.9865e-10
    5.80766e-10
     5.6341e-10
    5.46583e-10
     5.3027e-10
    5.14439e-10
    4.99085e-10
    4.84187e-10
    4.69729e-10
    4.55705e-10
    4.42097e-10
    4.28894e-10
    4.16085e-10
    4.03658e-10
    3.91601e-10
    3.79904e-10
    3.68556e-10
    3.57549e-10
    3.46869e-10
    3.36509e-10
    3.26458e-10
    3.16707e-10
    3.07247e-10
     2.9807e-10
    2.89168e-10
    2.80531e-10
    2.72152e-10
    2.64023e-10
    2.56138e-10
    2.48488e-10
    2.41066e-10
    2.33866e-10
    2.26881e-10
    2.20105e-10
    2.13531e-10
    2.07154e-10
    2.00967e-10
    1.94965e-10
    1.89142e-10
    1.83493e-10
    1.78013e-10
    1.72696e-10
    1.67538e-10
    1.62534e-10
     1.5768e-10
    1.52971e-10
    1.48402e-10
     1.4397e-10
     1.3967e-10
    1.35498e-10
    1.31451e-10
    1.27525e-10
    1.23717e-10
    1.20022e-10
    1.16437e-10
    1.12959e-10
    1.09586e-10
    1.06313e-10
    1.03137e-10
    1.00057e-10
    9.70687e-11
    9.41696e-11
     9.1357e-11
    8.86285e-11
    8.59814e-11
    8.34135e-11
    8.09222e-11
    7.85053e-11
    7.61606e-11
    7.38859e-11
    7.16792e-11
    6.95384e-11
    6.74615e-11
    6.54466e-11
     6.3492e-11
    6.15957e-11
     5.9756e-11
    5.79713e-11
    5.62399e-11
    5.45602e-11
    5.29306e-11
    5.13498e-11
    4.98161e-11
    4.83283e-11
    4.68849e-11
    4.54846e-11
    4.41261e-11
    4.28082e-11
    4.15297e-11
    4.02893e-11
     3.9086e-11
    3.79186e-11
    3.67861e-11
    3.56874e-11
    3.46216e-11
    3.35875e-11
    3.25844e-11
    3.16112e-11
    3.06671e-11
    2.97511e-11
    2.88626e-11
    2.80005e-11
    2.71643e-11
     2.6353e-11
    2.55659e-11
    2.48023e-11
    2.40615e-11
    2.33429e-11
    2.26457e-11
    2.19694e-11
    2.13132e-11
    2.06767e-11
    2.00591e-11
      1.946e-11
    1.88788e-11
     1.8315e-11
     1.7768e-11
    1.72373e-11
    1.67225e-11
     1.6223e-11
    1.57385e-11
    1.52684e-11
    1.48124e-11
      1.437e-11
    1.39408e-11
    1.35245e-11
    1.31205e-11
    1.27287e-11
    1.23485e-11
    1.19797e-11
    1.16219e-11
    1.12748e-11
     1.0938e-11
    1.06114e-11
    1.02944e-11
    9.98698e-12
     9.6887e-12
    9.39933e-12
     9.1186e-12
    8.84626e-12
    8.58205e-12
    8.32573e-12
    8.07707e-12
    7.83583e-12
     7.6018e-12
    7.37476e-12
     7.1545e-12
    6.94082e-12
    6.73352e-12
    6.53241e-12
    6.33731e-12
    6.14804e-12
    5.96441e-12
    5.78628e-12
    5.61346e-12
     5.4458e-12
    5.28316e-12
    5.12537e-12
    4.97229e-12
    4.82378e-12
    4.67971e-12
    4.53994e-12
    4.40435e-12
    4.27281e-12
    4.14519e-12
    4.02139e-12
    3.90128e-12
    3.78476e-12
    3.67173e-12
    3.56206e-12
    3.45568e-12
    3.35247e-12
    3.25234e-12
     3.1552e-12
    3.06097e-12
    2.96955e-12
    2.88086e-12
    2.79481e-12
    2.71134e-12
    2.63036e-12
     2.5518e-12
    2.47559e-12
    2.40165e-12
    2.32992e-12
    2.26033e-12
    2.19283e-12
    2.12733e-12
     2.0638e-12
    2.00216e-12
    1.94236e-12
    1.88435e-12
    1.82807e-12
    1.77347e-12
     1.7205e-12
    1.66912e-12
    1.61927e-12
     1.5709e-12
    1.52399e-12
    1.47847e-12
    1.43431e-12
    1.39147e-12
    1.34991e-12
     1.3096e-12
    1.27048e-12
    1.23254e-12
    1.19573e-12
    1.16001e-12
    1.12537e-12
    1.09176e-12
    1.05915e-12
    1.02752e-12
    9.96828e-13
    9.67056e-13
    9.38174e-13
    9.10153e-13
     8.8297e-13
    8.56599e-13
    8.31015e-13
    8.06195e-13
    7.82117e-13
    7.58757e-13
    7.36096e-13
    7.14111e-13
    6.92783e-13
    6.72092e-13
    6.52019e-13
    6.32545e-13
    6.13653e-13
    5.95325e-13
    5.77545e-13
    5.60295e-13
    5.43561e-13
    5.27327e-13
    5.11577e-13
    4.96298e-13
    4.81475e-13
    4.67095e-13
    4.53145e-13
    4.39611e-13
    4.26481e-13
    4.13743e-13
    4.01386e-13
    3.89398e-13
    3.77768e-13
    3.66485e-13
     3.5554e-13
    3.44921e-13
    3.34619e-13
    3.24625e-13
     3.1493e-13
    3.05524e-13
    2.96399e-13
    2.87546e-13
    2.78958e-13
    2.70627e-13
    2.62544e-13
    2.54703e-13
    2.47095e-13
    2.39716e-13
    2.32556e-13
     2.2561e-13
    2.18872e-13
    2.12335e-13
    2.05993e-13
    1.99841e-13
    1.93872e-13
    1.88082e-13
    1.82465e-13
    1.77015e-13
    1.71728e-13
    1.66599e-13
    1.61623e-13
    1.56796e-13
    1.52113e-13
     1.4757e-13
    1.43163e-13
    1.38887e-13
    1.34739e-13
    1.30715e-13
    1.26811e-13
    1.23023e-13
    1.19349e-13
    1.15784e-13
    1.12326e-13
    1.08971e-13
    1.05717e-13
    1.02559e-13
    9.94963e-14
    9.65246e-14
    9.36417e-14
     9.0845e-14
    8.81317e-14
    8.54995e-14
    8.29459e-14
    8.04686e-14
    7.80653e-14
    7.57337e-14
    7.34718e-14
    7.12774e-14
    6.91486e-14
    6.70834e-14
    6.50798e-14
    6.31361e-14
    6.12504e-14
    5.94211e-14
    5.76464e-14
    5.59247e-14
    5.42544e-14
     5.2634e-14
     5.1062e-14
    4.95369e-14
    4.80574e-14
    4.66221e-14
    4.52296e-14
    4.38788e-14
    4.25683e-14
    4.12969e-14
    4.00635e-14
    3.88669e-14
    3.77061e-14
    3.65799e-14
    3.54874e-14
    3.44275e-14
    3.33993e-14
    3.24018e-14
     3.1434e-14
    3.04952e-14
    2.95844e-14
    2.87008e-14
    2.78436e-14
     2.7012e-14
    2.62052e-14
    2.54226e-14
    2.46633e-14
    2.39267e-14
    2.32121e-14
    2.25188e-14
    2.18462e-14
    2.11938e-14
    2.05608e-14
    1.99467e-14
    1.93509e-14
     1.8773e-14
    1.82123e-14
    1.76684e-14
    1.71407e-14
    1.66287e-14
    1.61321e-14
    1.56503e-14
    1.51829e-14
    1.47294e-14
    1.42895e-14
    1.38627e-14
    1.34487e-14
     1.3047e-14
    1.26573e-14
    1.22793e-14
    1.19125e-14
    1.15568e-14
    1.12116e-14
    1.08767e-14
    1.05519e-14
    1.02367e-14
      9.931e-15
     9.6344e-15
    9.34665e-15
    9.06749e-15
    8.79668e-15
    8.53395e-15
    8.27907e-15
     8.0318e-15
    7.79192e-15
     7.5592e-15
    7.33343e-15
     7.1144e-15
    6.90192e-15
    6.69578e-15
     6.4958e-15
    6.30179e-15
    6.11358e-15
    5.93099e-15
    5.75385e-15
      5.582e-15
    5.41528e-15
