              0
              0
              0
              0
              0
              0
              0
              0
              0
     0.00341675
              0
     0.00941741
    1.46648e-05
    4.03067e-05
     0.00389848
     0.00727739
    0.000119933
     0.00462049
     0.00443759
      0.0016756
      0.0011807
     0.00890882
      0.0165542
      0.0105756
      0.0113499
    0.000521624
    0.000611905
     0.00389051
     0.00053192
     0.00345594
    0.000798113
     0.00047889
      0.0062527
    0.000543718
    0.000861943
     0.00487853
    0.000419238
    0.000303595
    0.000372614
     0.00256842
     0.00125262
    0.000143573
    0.000181756
    0.000224617
     0.00276435
     0.00153923
    0.000187799
     0.00306317
    9.16076e-05
    6.73379e-05
    0.000115091
       0.002049
    7.82147e-05
    5.80762e-05
    6.67902e-05
    8.48315e-05
    0.000248797
    0.000126668
     0.00210045
    8.57206e-05
    5.17313e-05
    4.46076e-05
      0.0011614
    2.99088e-05
    5.02421e-05
    3.73645e-05
    3.99184e-05
    4.00596e-05
    4.59195e-05
    4.00505e-05
     0.00153026
    3.01617e-05
    3.41218e-05
    7.32507e-05
    0.000761629
    2.90146e-05
    1.90398e-05
    2.12225e-05
    2.09125e-05
    2.36053e-05
    2.87668e-05
    2.57062e-05
    0.000955579
    1.46296e-05
    1.28471e-05
    2.74762e-05
    0.000515889
    1.72566e-05
    1.18074e-05
    1.65325e-05
    1.43091e-05
     1.4653e-05
    1.80735e-05
    1.61095e-05
    0.000648468
    8.82364e-06
    7.61519e-06
    1.68138e-05
    0.000348902
    1.07528e-05
    7.24826e-06
    7.47596e-06
    8.47311e-06
    9.51994e-06
    1.19467e-05
     1.0679e-05
    0.000440724
    5.77602e-06
    5.02161e-06
    1.13072e-05
    0.000237147
    7.20338e-06
    4.84378e-06
    5.02502e-06
    5.72398e-06
    6.44625e-06
     8.1032e-06
    0.000299474
    7.45204e-06
    3.91737e-06
    3.40621e-06
    0.000166743
    3.00133e-06
    5.97617e-06
       3.93e-06
    3.96603e-06
    4.73451e-06
    5.57645e-06
    4.90066e-06
    0.000203871
    2.69189e-06
    2.36814e-06
    5.26375e-06
    0.000109678
    3.35483e-06
    2.27534e-06
    2.34759e-06
    2.66102e-06
    2.99623e-06
    3.75919e-06
     3.3543e-06
    0.000138578
    1.81533e-06
    1.57835e-06
    3.55474e-06
    7.45661e-05
    2.26439e-06
    1.52281e-06
    1.57968e-06
    1.79968e-06
    2.02679e-06
    2.54779e-06
    2.27838e-06
    9.42287e-05
    1.23165e-06
    1.07095e-06
    2.41535e-06
    5.07034e-05
    1.53856e-06
    1.03436e-06
    1.07339e-06
    1.22307e-06
    1.37768e-06
     1.7321e-06
    6.40313e-05
    1.59305e-06
    8.37346e-07
    7.28103e-07
    3.56517e-05
    6.41602e-07
    1.27769e-06
    8.40211e-07
    8.47931e-07
    1.01226e-06
    1.19228e-06
     1.0478e-06
    4.35904e-05
    5.75544e-07
    5.06327e-07
    1.12545e-06
    2.34507e-05
    7.17302e-07
    4.86494e-07
    5.01942e-07
    5.68959e-07
    6.40631e-07
    8.03764e-07
    7.17194e-07
    2.96299e-05
    3.88142e-07
    3.37472e-07
    7.60052e-07
    1.59432e-05
    4.84158e-07
    3.25597e-07
    3.37757e-07
    3.84796e-07
    4.33356e-07
    5.44752e-07
     4.8715e-07
    2.01474e-05
    2.63343e-07
    2.28983e-07
    5.16434e-07
    1.08411e-05
    3.28964e-07
    2.21161e-07
    2.29505e-07
     2.6151e-07
    2.94566e-07
    3.70346e-07
    1.36908e-05
    3.40616e-07
    1.79036e-07
    1.55678e-07
    7.62283e-06
    1.37183e-07
    2.73187e-07
    1.79649e-07
    1.81299e-07
    2.16434e-07
    2.54927e-07
    2.24034e-07
    9.32022e-06
    1.23059e-07
     1.0826e-07
    2.40637e-07
    5.01408e-06
    1.53369e-07
    1.04019e-07
    1.07322e-07
    1.21651e-07
    1.36976e-07
    1.71856e-07
    1.53346e-07
    6.33527e-06
    8.29902e-08
    7.21561e-08
     1.6251e-07
    3.40889e-06
     1.0352e-07
    6.96172e-08
    7.22171e-08
    8.22747e-08
    9.26574e-08
    1.16476e-07
    1.04159e-07
    4.30779e-06
    5.63064e-08
    4.89597e-08
    1.10421e-07
    2.31797e-06
    7.03371e-08
    4.72873e-08
    4.90714e-08
    5.59145e-08
    6.29824e-08
    7.91851e-08
    2.92727e-06
    7.28283e-08
    3.82804e-08
    3.32862e-08
    1.62987e-06
    2.93317e-08
    5.84112e-08
    3.84113e-08
    3.87643e-08
    4.62766e-08
    5.45068e-08
    4.79016e-08
    1.99279e-06
    2.63118e-08
    2.31474e-08
    5.14515e-08
    1.07208e-06
    3.27924e-08
    2.22407e-08
    2.29469e-08
    2.60107e-08
    2.92873e-08
    3.67451e-08
    3.27875e-08
    1.35457e-06
    1.77444e-08
     1.5428e-08
    3.47468e-08
    7.28867e-07
    2.21339e-08
    1.48851e-08
     1.5441e-08
    1.75915e-08
    1.98114e-08
    2.49041e-08
    2.22707e-08
    9.21065e-07
    1.20391e-08
    1.04683e-08
    2.36095e-08
    4.95615e-07
     1.5039e-08
    1.01107e-08
    1.04921e-08
    1.19553e-08
    1.34665e-08
    1.69309e-08
    1.51412e-08
    6.26322e-07
    8.18487e-09
    7.11704e-09
    1.60534e-08
    3.37017e-07
    1.02259e-08
     6.8747e-09
     7.1342e-09
    8.12923e-09
    9.15693e-09
    1.15128e-08
    4.25606e-07
    1.05886e-08
     5.5656e-09
     4.8395e-09
    2.36972e-07
    4.26458e-09
    8.49256e-09
    5.58472e-09
    5.63604e-09
    6.72829e-09
    7.92491e-09
    6.96455e-09
    2.89739e-07
    3.82555e-09
    3.36547e-09
     7.4807e-09
    1.55873e-07
     4.7678e-09
    3.23365e-09
    3.33633e-09
    3.78178e-09
    4.25818e-09
     5.3425e-09
    4.76708e-09
    1.96945e-07
    2.57992e-09
    2.24312e-09
    5.05195e-09
    1.05972e-07
    3.21813e-09
     2.1642e-09
    2.24502e-09
    2.55768e-09
    2.88045e-09
    3.62089e-09
    3.23801e-09
    1.33917e-07
     1.7504e-09
    1.52201e-09
    3.43266e-09
    7.20591e-08
    2.18658e-09
    1.47002e-09
    1.52549e-09
    1.73822e-09
    1.95794e-09
    2.46164e-09
    9.10004e-08
    2.26402e-09
    1.19003e-09
    1.03477e-09
    5.06678e-08
    9.11837e-10
    1.81584e-09
     1.1941e-09
    1.20507e-09
     1.4386e-09
    1.69446e-09
    1.48912e-09
    6.19501e-08
    8.17956e-10
    7.19586e-10
    1.59948e-09
    3.33278e-08
    1.01942e-09
    6.91399e-10
    7.13354e-10
    8.08598e-10
    9.10458e-10
     1.1423e-09
    1.01927e-09
    4.21096e-08
    5.51623e-10
    4.79611e-10
    1.08018e-09
    2.26584e-08
     6.8808e-10
    4.62735e-10
    4.80016e-10
    5.46867e-10
     6.1588e-10
    7.74195e-10
    6.92331e-10
    2.86332e-08
     3.7426e-10
    3.25428e-10
     7.3395e-10
    1.54072e-08
     4.6752e-10
    3.14312e-10
     3.2617e-10
    3.71655e-10
    4.18634e-10
    5.26332e-10
    1.94571e-08
    4.84079e-10
    2.54444e-10
    2.21248e-10
    1.08335e-08
    1.94963e-10
    3.88251e-10
    2.55314e-10
     2.5766e-10
    3.07594e-10
    3.62299e-10
    3.18394e-10
    1.32458e-08
     1.7489e-10
    1.53857e-10
    3.41991e-10
    7.12595e-09
    2.17966e-10
    1.47831e-10
    1.52525e-10
    1.72889e-10
    1.94668e-10
    2.44239e-10
    2.17934e-10
    9.00361e-09
    1.17945e-10
    1.02547e-10
    2.30957e-10
    4.84467e-09
    1.47121e-10
    9.89391e-11
    1.02634e-10
    1.16928e-10
    1.31684e-10
    1.65534e-10
     1.4803e-10
    6.12218e-09
     8.0022e-11
    6.95809e-11
    1.56929e-10
    3.29428e-09
    9.99622e-11
    6.72041e-11
    6.97397e-11
     7.9465e-11
    8.95098e-11
    1.12537e-10
    4.16021e-09
    1.03503e-10
    5.44036e-11
    4.73059e-11
    2.31635e-09
    4.16858e-11
    8.30133e-11
    5.45897e-11
    5.50913e-11
    6.57677e-11
    7.74644e-11
    6.80771e-11
    2.83213e-09
     3.7394e-11
    3.28968e-11
    7.31223e-11
    1.52363e-09
    4.66042e-11
    3.16082e-11
    3.26119e-11
    3.69661e-11
    4.16228e-11
    5.22218e-11
    4.65972e-11
     1.9251e-09
    2.52182e-11
    2.19261e-11
    4.93817e-11
    1.03586e-09
    3.14565e-11
    2.11545e-11
    2.19446e-11
    2.50008e-11
    2.81558e-11
    3.53934e-11
    3.16508e-11
    1.30901e-09
    1.71098e-11
    1.48774e-11
    3.35535e-11
    7.04362e-10
    2.13733e-11
    1.43692e-11
    1.49113e-11
    1.69907e-11
    1.91384e-11
    2.40619e-11
    2.15184e-11
    8.90121e-10
    1.16322e-11
    1.01147e-11
    2.28148e-11
    4.78965e-10
    1.45329e-11
    9.77024e-12
     1.0139e-11
    1.15532e-11
    1.30137e-11
    1.63618e-11
    6.04866e-10
    1.50484e-11
    7.90977e-12
    6.87784e-12
    3.36781e-10
    6.06077e-12
    1.20695e-11
    7.93694e-12
    8.00987e-12
    9.56216e-12
    1.12628e-11
    9.89794e-12
    4.11773e-10
    5.43682e-12
    4.78297e-12
    1.06315e-11
    2.21525e-10
    6.77593e-12
    4.59562e-12
    4.74155e-12
    5.37462e-12
    6.05167e-12
     7.5927e-12
    6.77492e-12
    2.79896e-10
    3.66656e-12
     3.1879e-12
    7.17977e-12
    1.50607e-10
    4.57356e-12
    3.07573e-12
    3.19059e-12
    3.63494e-12
    4.09366e-12
    5.14596e-12
    4.60182e-12
    1.90321e-10
    2.48765e-12
    2.16307e-12
    4.87845e-12
     1.0241e-10
    3.10754e-12
    2.08918e-12
      2.168e-12
    2.47034e-12
     2.7826e-12
    3.49845e-12
    1.29329e-10
     3.2176e-12
    1.69125e-12
     1.4706e-12
    7.20085e-11
    1.29589e-12
    2.58064e-12
    1.69704e-12
    1.71263e-12
    2.04453e-12
    2.40814e-12
    2.11632e-12
    8.80428e-11
    1.16247e-12
    1.02267e-12
    2.27316e-12
    4.73651e-11
    1.44879e-12
    9.82608e-13
    1.01381e-12
    1.14917e-12
    1.29393e-12
    1.62342e-12
    1.44857e-12
    5.98457e-11
     7.8396e-13
    6.81617e-13
    1.53513e-12
    3.22018e-11
    9.77891e-13
    6.57633e-13
    6.82193e-13
    7.77201e-13
    8.75281e-13
    1.10028e-12
    9.83933e-13
    1.01186e-12
    5.31894e-13
    4.62494e-13
    1.04308e-12
      2.978e-13
    5.54708e-13
    1.89923e-13
    1.19833e-13
     1.0949e-13
    6.15591e-14
     5.2359e-14
    5.58514e-14
    4.36549e-14
    3.97407e-14
    3.26097e-14
     2.7097e-14
    2.36179e-14
    1.98535e-14
    1.46158e-14
    1.10329e-14
    8.84988e-15
     6.5536e-15
    4.73717e-15
    4.13438e-15
    3.21069e-15
    2.59956e-15
    2.08902e-15
    1.67851e-15
    1.35286e-15
    1.08425e-15
    8.36941e-16
    6.63861e-16
    5.10784e-16
    3.93339e-16
    3.06078e-16
    2.40846e-16
    1.90318e-16
    1.51719e-16
    1.20917e-16
    9.65967e-17
    7.71341e-17
    6.16773e-17
    4.90871e-17
    3.89497e-17
    3.07466e-17
    2.42527e-17
    1.91046e-17
    1.50606e-17
    1.18967e-17
    9.43628e-18
    7.48606e-18
    5.94863e-18
    4.72424e-18
    3.75028e-18
    2.97252e-18
     2.3543e-18
    1.86159e-18
    1.47103e-18
    1.16139e-18
    9.17012e-19
    7.24297e-19
    5.72624e-19
    4.53074e-19
    3.58782e-19
    2.84241e-19
    2.25229e-19
    1.78448e-19
    1.41344e-19
    1.11911e-19
    8.85778e-20
     7.0091e-20
    5.54587e-20
     4.3882e-20
    3.47284e-20
    2.74904e-20
    2.17667e-20
    1.72379e-20
    1.36528e-20
     1.0813e-20
    8.56307e-21
    6.78003e-21
    5.36734e-21
    4.24826e-21
    3.36215e-21
    2.66071e-21
    2.10565e-21
    1.66647e-21
    1.31901e-21
    1.04408e-21
     8.2652e-22
    6.54321e-22
    5.18004e-22
    4.10077e-22
    3.24625e-22
    2.56967e-22
    2.03404e-22
    1.61002e-22
    1.27439e-22
    1.00874e-22
    7.98492e-23
    6.32087e-23
    5.00377e-23
    3.96121e-23
    3.13591e-23
    2.48255e-23
    1.96529e-23
    1.55577e-23
    1.23156e-23
    9.74894e-24
    7.71709e-24
    6.10868e-24
    4.83551e-24
    3.82772e-24
    3.02999e-24
    2.39853e-24
    1.89869e-24
    1.50301e-24
    1.18979e-24
     9.4184e-25
    7.45558e-25
    5.90178e-25
    4.67179e-25
    3.69813e-25
    2.92739e-25
     2.3173e-25
    1.83436e-25
    1.45207e-25
    1.14946e-25
    9.09919e-26
    7.20296e-26
     5.7019e-26
    4.51364e-26
      3.573e-26
    2.82839e-26
    2.23895e-26
    1.77234e-26
    1.40298e-26
     1.1106e-26
    8.79145e-27
     6.9593e-27
    5.50898e-27
     4.3609e-27
    3.45209e-27
    2.73267e-27
    2.16318e-27
    1.71237e-27
    1.35551e-27
    1.07301e-27
    8.49394e-28
    6.72378e-28
    5.32252e-28
     4.2133e-28
    3.33524e-28
    2.64017e-28
    2.08995e-28
     1.6544e-28
    1.30962e-28
     1.0367e-28
    8.20648e-29
    6.49623e-29
    5.14241e-29
    4.07072e-29
    3.22237e-29
    2.55083e-29
    2.01923e-29
    1.59842e-29
    1.26531e-29
    1.00161e-29
    7.92876e-30
     6.2764e-30
    4.96838e-30
    3.93296e-30
    3.11333e-30
     2.4645e-30
     1.9509e-30
    1.54433e-30
    1.22249e-30
    9.67717e-31
    7.66043e-31
    6.06398e-31
    4.80024e-31
    3.79986e-31
    3.00796e-31
     2.3811e-31
    1.88487e-31
    1.49206e-31
    1.18111e-31
    9.34968e-32
    7.40119e-32
    5.85877e-32
    4.63779e-32
    3.67127e-32
    2.90617e-32
    2.30052e-32
    1.82109e-32
    1.44157e-32
    1.14114e-32
    9.03327e-33
    7.15072e-33
     5.6605e-33
    4.48084e-33
    3.54702e-33
    2.80782e-33
    2.22266e-33
    1.75946e-33
    1.39278e-33
    1.10252e-33
    8.72757e-34
    6.90873e-34
    5.46893e-34
     4.3292e-34
    3.42699e-34
     2.7128e-34
    2.14744e-34
    1.69991e-34
    1.34565e-34
    1.06521e-34
    8.43221e-35
    6.67492e-35
    5.28386e-35
    4.18269e-35
    3.31101e-35
    2.62099e-35
    2.07477e-35
    1.64239e-35
    1.30011e-35
    1.02916e-35
    8.14685e-36
    6.44903e-36
    5.10504e-36
    4.04114e-36
    3.19896e-36
    2.53229e-36
    2.00456e-36
     1.5868e-36
    1.25611e-36
    9.94335e-37
    7.87114e-37
    6.23078e-37
    4.93228e-37
    3.90438e-37
     3.0907e-37
    2.44659e-37
    1.93672e-37
     1.5331e-37
     1.2136e-37
    9.60685e-38
    7.60477e-38
    6.01992e-38
    4.76536e-38
    3.77225e-38
    2.98611e-38
     2.3638e-38
    1.87118e-38
    1.48122e-38
    1.17253e-38
    9.28174e-39
    7.34741e-39
    5.81619e-39
    4.60409e-39
    3.64459e-39
    2.88505e-39
     2.2838e-39
    1.80785e-39
    1.43109e-39
    1.13285e-39
    8.96763e-40
    7.09876e-40
    5.61936e-40
    4.44828e-40
    3.52125e-40
    2.78741e-40
    2.20651e-40
    1.74667e-40
    1.38266e-40
    1.09451e-40
    8.66415e-41
    6.85852e-41
    5.42919e-41
    4.29774e-41
    3.40208e-41
    2.69308e-41
    2.13184e-41
    1.68756e-41
    1.33587e-41
    1.05747e-41
    8.37093e-42
    6.62642e-42
    5.24546e-42
     4.1523e-42
    3.28695e-42
    2.60194e-42
    2.05969e-42
    1.63045e-42
    1.29066e-42
    1.02169e-42
    8.08765e-43
    6.40217e-43
    5.06794e-43
    4.01178e-43
    3.17571e-43
    2.51389e-43
    1.98999e-43
    1.57527e-43
    1.24698e-43
     9.8711e-44
    7.81394e-44
     6.1855e-44
    4.89643e-44
    3.87601e-44
    3.06824e-44
    2.42881e-44
    1.92265e-44
    1.52196e-44
    1.20478e-44
    9.53704e-45
    7.54951e-45
    5.97618e-45
    4.73073e-45
    3.74484e-45
    2.96441e-45
    2.34662e-45
    1.85758e-45
    1.47046e-45
    1.16401e-45
    9.21429e-46
    7.29402e-46
    5.77393e-46
    4.57063e-46
    3.61811e-46
    2.86409e-46
    2.26721e-46
    1.79472e-46
    1.42069e-46
    1.12462e-46
    8.90246e-47
    7.04717e-47
    5.57853e-47
    4.41595e-47
    3.49566e-47
    2.76716e-47
    2.19048e-47
    1.73398e-47
    1.37261e-47
    1.08656e-47
    8.60119e-48
    6.80868e-48
    5.38974e-48
    4.26651e-48
    3.37736e-48
    2.67351e-48
    2.11635e-48
     1.6753e-48
    1.32616e-48
    1.04979e-48
    8.31011e-49
    6.57826e-49
    5.20734e-49
    4.12212e-49
    3.26307e-49
    2.58304e-49
    2.04473e-49
     1.6186e-49
    1.28128e-49
    1.01426e-49
    8.02888e-50
    6.35564e-50
    5.03112e-50
    3.98262e-50
    3.15264e-50
    2.49562e-50
    1.97553e-50
    1.56383e-50
    1.23792e-50
    9.79937e-51
    7.75716e-51
    6.14056e-51
    4.86085e-51
    3.84784e-51
    3.04595e-51
    2.41117e-51
    1.90867e-51
     1.5109e-51
    1.19603e-51
    9.46774e-52
    7.49465e-52
    5.93275e-52
    4.69635e-52
    3.71763e-52
    2.94287e-52
    2.32957e-52
    1.84408e-52
    1.45977e-52
    1.15555e-52
    9.14733e-53
    7.24101e-53
    5.73197e-53
    4.53742e-53
    3.59181e-53
    2.84327e-53
