              0
              0
              0
              0
              0
              0
              0
              0
              0
      0.0289005
              0
    0.000114465
    0.000449694
     0.00184681
     0.00904434
     0.00489926
    0.000290518
      0.0110245
     0.00034721
      0.0990878
    0.000418907
     0.00892174
     0.00309639
     0.00632399
     0.00250218
    0.000723802
     0.00891034
     0.00342117
    0.000708368
    0.000571756
     0.00526692
     0.00125554
    0.000659995
     0.00615678
    0.000343642
    0.000342937
    0.000217076
    0.000234913
    0.000184999
     0.00216411
     0.00016789
    0.000135887
    0.000566596
    8.09104e-05
    0.000142569
     0.00466309
    7.57767e-05
    0.000124277
    0.000769843
    0.000705248
    6.90872e-05
     0.00143643
    8.66884e-05
    0.000321285
    5.05205e-05
    6.15501e-05
     0.00271415
    0.000100468
    0.000323732
    6.97569e-05
    4.75091e-05
    3.93902e-05
    0.000973642
    4.66278e-05
     3.2709e-05
    2.30578e-05
    2.71067e-05
    4.47699e-05
     0.00196915
    3.66417e-05
    4.67954e-05
    1.73162e-05
    0.000204179
    1.91806e-05
    0.000652786
    1.91011e-05
    8.88165e-06
    1.19572e-05
    1.34515e-05
    2.63334e-05
     0.00124481
     1.7929e-05
    3.02489e-05
    1.23887e-05
    1.82345e-05
    1.08348e-05
    0.000442776
    1.26097e-05
    5.97266e-06
    6.85679e-06
    7.52307e-06
    1.67109e-05
    0.000844993
     1.0988e-05
    1.84775e-05
     5.7998e-06
    1.07436e-05
    5.69355e-06
    0.000300191
    7.50252e-06
    3.31375e-06
    4.13371e-06
    4.87103e-06
    1.09883e-05
    0.000574361
    7.24612e-06
    1.23929e-05
    3.80993e-06
    7.19057e-06
     3.7807e-06
    0.000204063
    5.05388e-06
    2.21873e-06
    2.78489e-06
    3.29217e-06
    0.000389874
    8.13637e-06
     4.9175e-06
    8.41914e-06
    4.98347e-06
    3.29583e-06
    0.000138664
    4.32588e-06
    1.57767e-06
    2.10799e-06
    2.44595e-06
    5.16003e-06
    0.000265615
    3.41071e-06
    5.76169e-06
    1.80179e-06
    3.35761e-06
    1.76847e-06
    9.43792e-05
    2.36203e-06
    1.03943e-06
    1.30164e-06
    1.52995e-06
     3.4537e-06
    0.000180596
    2.27801e-06
    3.89593e-06
    1.19724e-06
    2.26044e-06
    1.18839e-06
    6.41635e-05
    1.58887e-06
    6.97444e-07
    8.75525e-07
    1.03505e-06
    2.34453e-06
    0.000122802
    1.54615e-06
    2.64718e-06
    8.12469e-07
     1.5357e-06
    8.06961e-07
    4.36303e-05
    1.07969e-06
    4.73689e-07
    5.94891e-07
    7.03474e-07
    8.33601e-05
     1.7394e-06
    1.05121e-06
    1.79996e-06
    1.06539e-06
    7.04582e-07
    2.96482e-05
    9.24864e-07
    3.37272e-07
    4.50673e-07
    5.22944e-07
    1.10326e-06
    5.67922e-05
     7.2924e-07
    1.23192e-06
    3.85237e-07
    7.17894e-07
    3.78116e-07
    2.01796e-05
     5.0503e-07
    2.22241e-07
    2.78306e-07
    3.27123e-07
    7.38446e-07
     3.8614e-05
    4.87068e-07
    8.33002e-07
    2.55986e-07
    4.83313e-07
    2.54093e-07
     1.3719e-05
    3.39723e-07
    1.49123e-07
    1.87199e-07
    2.21307e-07
    5.01294e-07
    2.62569e-05
    3.30587e-07
    5.66004e-07
    1.73717e-07
    3.28354e-07
    1.72539e-07
    9.32876e-06
    2.30853e-07
    1.01281e-07
    1.27196e-07
    1.50412e-07
    1.78235e-05
    3.71907e-07
    2.24764e-07
    3.84855e-07
    2.27796e-07
    1.50649e-07
    6.33919e-06
    1.97749e-07
    7.21135e-08
      9.636e-08
    1.11813e-07
    2.35892e-07
     1.2143e-05
    1.55922e-07
      2.634e-07
    8.23689e-08
    1.53496e-07
    8.08464e-08
    4.31467e-06
    1.07982e-07
    4.75181e-08
    5.95057e-08
    6.99433e-08
     1.5789e-07
     8.2562e-06
    1.04142e-07
    1.78107e-07
    5.47334e-08
    1.03339e-07
    5.43287e-08
    2.93332e-06
    7.26374e-08
    3.18845e-08
    4.00258e-08
    4.73186e-08
    1.07183e-07
    5.61408e-06
    7.06841e-08
    1.21019e-07
    3.71431e-08
    7.02067e-08
    3.68913e-08
    1.99462e-06
    4.93594e-08
    2.16553e-08
    2.71962e-08
    3.21603e-08
    3.81092e-06
    7.95188e-08
    4.80576e-08
    8.22873e-08
    4.87059e-08
    3.22109e-08
    1.35541e-06
    4.22814e-08
    1.54189e-08
    2.06031e-08
    2.39071e-08
    5.04369e-08
    2.59633e-06
    3.33382e-08
    5.63186e-08
    1.76116e-08
    3.28195e-08
    1.72861e-08
    9.22536e-07
    2.30881e-08
      1.016e-08
    1.27231e-08
    1.49548e-08
     3.3759e-08
    1.76529e-06
     2.2267e-08
    3.80818e-08
    1.17028e-08
    2.20953e-08
    1.16162e-08
    6.27184e-07
    1.55309e-08
    6.81735e-09
    8.55806e-09
    1.01174e-08
    2.29173e-08
    1.20037e-06
    1.51132e-08
    2.58756e-08
     7.9417e-09
    1.50112e-08
    7.88786e-09
    4.26476e-07
    1.05537e-08
    4.63021e-09
    5.81492e-09
    6.87631e-09
     1.5581e-08
    8.16247e-07
    1.02754e-08
    1.75942e-08
    5.39935e-09
    1.02068e-08
     5.3631e-09
    2.90004e-07
    7.17612e-09
    3.14821e-09
    3.95389e-09
    4.67568e-09
    5.54082e-07
    1.15614e-08
    6.98715e-09
     1.1964e-08
    7.08146e-09
     4.6832e-09
    1.97067e-07
     6.1474e-09
    2.24177e-09
    2.99553e-09
    3.47591e-09
    7.33318e-09
    3.77489e-07
    4.84714e-09
    8.18835e-09
     2.5606e-09
    4.77173e-09
    2.51328e-09
    1.34131e-07
    3.35685e-09
     1.4772e-09
    1.84986e-09
    2.17433e-09
    4.90834e-09
    2.56661e-07
    3.23747e-09
    5.53684e-09
     1.7015e-09
    3.21251e-09
    1.68892e-09
    9.11884e-08
    2.25809e-09
    9.91198e-10
    1.24428e-09
      1.471e-09
    3.33202e-09
    1.74525e-07
    2.19736e-09
    3.76214e-09
    1.15467e-09
    2.18252e-09
    1.14684e-09
    6.20068e-08
    1.53444e-09
    6.73201e-10
    8.45451e-10
    9.99769e-10
     1.1847e-07
    2.47201e-09
    1.49397e-09
    2.55807e-09
    1.51413e-09
    1.00134e-09
    4.21356e-08
     1.3144e-09
    4.79328e-10
    6.40491e-10
    7.43201e-10
    1.56794e-09
    8.07124e-08
    1.03639e-09
    1.75078e-09
    5.47493e-10
    1.02026e-09
    5.37374e-10
     2.8679e-08
    7.17742e-10
    3.15846e-10
    3.95526e-10
    4.64903e-10
    1.04947e-09
    5.48777e-08
    6.92215e-10
    1.18385e-09
    3.63805e-10
    6.86879e-10
    3.61114e-10
    1.94973e-08
     4.8281e-10
    2.11932e-10
    2.66045e-10
    3.14519e-10
    7.12432e-10
    3.73159e-08
    4.69826e-10
    8.04398e-10
    2.46885e-10
    4.66653e-10
    2.45211e-10
    1.32579e-08
    3.28085e-10
     1.4394e-10
    1.80769e-10
    2.13764e-10
    2.53306e-08
    5.28549e-10
    3.19431e-10
    5.46952e-10
    3.23741e-10
    2.14101e-10
    9.00918e-09
    2.81038e-10
    1.02487e-10
    1.36946e-10
    1.58907e-10
    3.35247e-10
    1.72574e-08
    2.21594e-10
    3.74342e-10
    1.17062e-10
    2.18146e-10
    1.14898e-10
    6.13196e-09
    1.53463e-10
    6.75321e-11
    8.45688e-11
    9.94026e-11
    2.24391e-10
    1.17336e-08
    1.48005e-10
    2.53124e-10
    7.77865e-11
    1.46864e-10
    7.72112e-11
     4.1688e-09
    1.03231e-10
    4.53139e-11
    5.68841e-11
    6.72486e-11
    1.52328e-10
    7.97866e-09
    1.00455e-10
    1.71991e-10
    5.27873e-11
    9.97769e-11
    5.24294e-11
    2.83473e-09
     7.0149e-11
    3.07763e-11
    3.86509e-11
    4.57058e-11
    5.41603e-09
    1.13011e-10
    6.82988e-11
    1.16946e-10
    6.92203e-11
    4.57777e-11
    1.92629e-09
    6.00898e-11
    2.19131e-11
    2.92809e-11
    3.39764e-11
    7.16803e-11
    3.68987e-09
    4.73798e-11
    8.00394e-11
    2.50294e-11
    4.66427e-11
    2.45668e-11
     1.3111e-09
    3.28125e-11
    1.44393e-11
     1.8082e-11
    2.12536e-11
    4.79779e-11
    2.50881e-09
    3.16455e-11
    5.41214e-11
    1.66318e-11
    3.14016e-11
    1.65088e-11
    8.91347e-10
    2.20723e-11
    9.68874e-12
    1.21626e-11
    1.43787e-11
    3.25698e-11
    1.70595e-09
    2.14787e-11
    3.67741e-11
    1.12867e-11
    2.13337e-11
    1.12101e-11
    6.06103e-10
    1.49988e-11
     6.5804e-12
     8.2641e-12
    9.77252e-12
    2.21436e-11
    1.16004e-09
    1.46032e-11
    2.50046e-11
     7.6735e-12
    1.45058e-11
    7.62198e-12
    4.12149e-10
    1.01986e-11
     4.4742e-12
    5.61922e-12
    6.64502e-12
    7.87454e-10
    1.64309e-11
    9.93005e-12
     1.7003e-11
    1.00641e-11
    6.65571e-12
    2.80069e-10
    8.73661e-12
    3.18598e-12
    4.25722e-12
    4.93993e-12
    1.04218e-11
    5.36483e-10
     6.8887e-12
    1.16372e-11
     3.6391e-12
    6.78153e-12
    3.57184e-12
    1.90625e-10
    4.77072e-12
    2.09938e-12
      2.629e-12
    3.09014e-12
    6.97567e-12
    3.64764e-10
    4.60105e-12
    7.86889e-12
    2.41816e-12
    4.56558e-12
    2.40027e-12
    1.29596e-10
    3.20916e-12
    1.40868e-12
    1.76836e-12
    2.09056e-12
    4.73543e-12
    2.48033e-10
    3.12287e-12
    5.34671e-12
      1.641e-12
    3.10178e-12
    1.62988e-12
    8.81234e-11
    2.18073e-12
    9.56746e-13
    1.20155e-12
    1.42086e-12
    1.68369e-10
    3.51319e-12
    2.12321e-12
     3.6355e-12
    2.15186e-12
     1.4231e-12
    5.98827e-11
    1.86802e-12
    6.81215e-13
    9.10257e-13
    1.05623e-12
    2.22833e-12
    1.14707e-10
     1.4729e-12
    2.48819e-12
    7.78091e-13
    1.44998e-12
     7.6371e-13
    4.07582e-11
    1.02005e-12
    4.48876e-13
    5.62116e-13
    6.60714e-13
    1.49149e-12
    7.79916e-11
    9.83768e-13
    1.68248e-12
    5.17035e-13
    9.76184e-13
    5.13212e-13
    2.77094e-11
    6.86164e-13
    3.01195e-13
      3.781e-13
    4.46991e-13
     1.0125e-12
    1.10479e-12
    6.67712e-13
     1.1432e-12
    3.50869e-13
    3.37393e-13
    2.38364e-13
    2.51285e-13
    1.30158e-13
      1.205e-13
    9.11718e-14
    6.28421e-14
    5.05493e-14
    4.51531e-14
    3.59896e-14
    3.09367e-14
    2.48216e-14
    1.98378e-14
    1.66449e-14
    1.34964e-14
    9.80451e-15
    7.75187e-15
    5.68841e-15
    4.51227e-15
    3.62885e-15
     2.9481e-15
    2.31609e-15
    1.86581e-15
    1.50221e-15
    1.19674e-15
    9.47338e-16
    7.50652e-16
    5.88524e-16
    4.63396e-16
    3.61695e-16
    2.83444e-16
    2.22417e-16
    1.76084e-16
     1.3954e-16
    1.11266e-16
    8.86822e-17
    7.05362e-17
    5.60462e-17
    4.44389e-17
    3.51443e-17
    2.77598e-17
    2.19033e-17
     1.7302e-17
    1.36654e-17
    1.08103e-17
    8.56157e-18
    6.78984e-18
    5.38383e-18
    4.27284e-18
    3.38866e-18
    2.68617e-18
     2.1266e-18
    1.68229e-18
    1.32983e-18
    1.05108e-18
    8.30868e-19
    6.57073e-19
    5.19862e-19
    4.11515e-19
    3.25869e-19
    2.58109e-19
    2.04444e-19
    1.61922e-19
    1.28216e-19
    1.01504e-19
    8.03347e-20
    6.35705e-20
    5.03009e-20
    3.98039e-20
    3.15018e-20
    2.49361e-20
     1.9742e-20
    1.56319e-20
     1.2378e-20
    9.80138e-21
    7.76054e-21
    6.14406e-21
    4.86372e-21
    3.84984e-21
     3.0471e-21
     2.4117e-21
    1.90882e-21
    1.51086e-21
    1.19594e-21
    9.46711e-22
    7.49451e-22
    5.93305e-22
    4.69691e-22
    3.71824e-22
     2.9434e-22
    2.32995e-22
    1.84431e-22
    1.45987e-22
    1.15557e-22
    9.14703e-23
     7.2406e-23
    5.73163e-23
    4.53724e-23
    3.59179e-23
    2.84336e-23
    2.25088e-23
    1.78184e-23
    1.41053e-23
    1.11657e-23
     8.8387e-24
     6.9966e-24
    5.53841e-24
    4.38414e-24
    3.47045e-24
     2.7472e-24
    2.17468e-24
    1.72149e-24
    1.36274e-24
    1.07875e-24
    8.53941e-25
    6.75979e-25
    5.35101e-25
    4.23583e-25
    3.35304e-25
    2.65424e-25
    2.10108e-25
    1.66321e-25
    1.31659e-25
    1.04221e-25
    8.25018e-26
    6.53085e-26
    5.16983e-26
    4.09244e-26
    3.23957e-26
    2.56444e-26
       2.03e-26
    1.60695e-26
    1.27205e-26
    1.00695e-26
    7.97103e-27
    6.30986e-27
    4.99488e-27
    3.95394e-27
    3.12994e-27
    2.47765e-27
    1.96131e-27
    1.55257e-27
    1.22901e-27
    9.72881e-28
     7.7013e-28
    6.09633e-28
    4.82584e-28
    3.82012e-28
      3.024e-28
     2.3938e-28
    1.89493e-28
    1.50002e-28
    1.18741e-28
    9.39955e-29
    7.44067e-29
    5.89002e-29
    4.66253e-29
    3.69085e-29
    2.92167e-29
    2.31279e-29
     1.8308e-29
    1.44926e-29
    1.14723e-29
    9.08145e-30
    7.18886e-30
    5.69069e-30
    4.50474e-30
    3.56595e-30
     2.8228e-30
    2.23452e-30
    1.76884e-30
    1.40021e-30
    1.10841e-30
    8.77412e-31
    6.94557e-31
     5.4981e-31
    4.35229e-31
    3.44527e-31
    2.72727e-31
     2.1589e-31
    1.70898e-31
    1.35283e-31
    1.07089e-31
    8.47718e-32
    6.71052e-32
    5.31204e-32
      4.205e-32
    3.32867e-32
    2.63497e-32
    2.08584e-32
    1.65115e-32
    1.30704e-32
    1.03465e-32
     8.1903e-33
    6.48343e-33
    5.13227e-33
     4.0627e-33
    3.21602e-33
     2.5458e-33
    2.01525e-33
    1.59527e-33
    1.26281e-33
    9.99639e-34
    7.91312e-34
    6.26402e-34
    4.95858e-34
    3.92521e-34
    3.10719e-34
    2.45964e-34
    1.94705e-34
    1.54128e-34
    1.22008e-34
    9.65809e-35
    7.64533e-35
    6.05203e-35
    4.79078e-35
    3.79237e-35
    3.00203e-35
     2.3764e-35
    1.88116e-35
    1.48912e-35
    1.17879e-35
    9.33124e-36
     7.3866e-36
    5.84722e-36
    4.62865e-36
    3.66403e-36
    2.90044e-36
    2.29598e-36
     1.8175e-36
    1.43873e-36
    1.13889e-36
    9.01546e-37
    7.13662e-37
    5.64934e-37
      4.472e-37
    3.54003e-37
    2.80228e-37
    2.21828e-37
    1.75599e-37
    1.39004e-37
    1.10035e-37
    8.71036e-38
     6.8951e-38
    5.45815e-38
    4.32066e-38
    3.42023e-38
    2.70745e-38
    2.14321e-38
    1.69656e-38
      1.343e-38
    1.06311e-38
    8.41558e-39
    6.66176e-39
    5.27344e-39
    4.17444e-39
    3.30448e-39
    2.61582e-39
    2.07068e-39
    1.63915e-39
    1.29755e-39
    1.02714e-39
    8.13078e-40
    6.43631e-40
    5.09497e-40
    4.03317e-40
    3.19265e-40
     2.5273e-40
     2.0006e-40
    1.58368e-40
    1.25363e-40
    9.92375e-41
    7.85562e-41
     6.2185e-41
    4.92255e-41
    3.89668e-41
    3.08461e-41
    2.44177e-41
     1.9329e-41
    1.53008e-41
    1.21121e-41
    9.58791e-42
    7.58977e-42
    6.00805e-42
    4.75596e-42
    3.76481e-42
    2.98022e-42
    2.35914e-42
    1.86749e-42
     1.4783e-42
    1.17022e-42
    9.26344e-43
    7.33292e-43
    5.80473e-43
    4.59501e-43
     3.6374e-43
    2.87936e-43
     2.2793e-43
    1.80429e-43
    1.42827e-43
    1.13062e-43
    8.94995e-44
    7.08476e-44
    5.60828e-44
    4.43951e-44
    3.51431e-44
    2.78192e-44
    2.20216e-44
    1.74323e-44
    1.37994e-44
    1.09235e-44
    8.64706e-45
      6.845e-45
    5.41849e-45
    4.28927e-45
    3.39538e-45
    2.68777e-45
    2.12764e-45
    1.68423e-45
    1.33324e-45
    1.05539e-45
    8.35443e-46
    6.61335e-46
    5.23512e-46
    4.14411e-46
    3.28047e-46
    2.59681e-46
    2.05563e-46
    1.62724e-46
    1.28812e-46
    1.01967e-46
     8.0717e-47
    6.38954e-47
    5.05795e-47
    4.00387e-47
    3.16945e-47
    2.50893e-47
    1.98607e-47
    1.57217e-47
    1.24452e-47
    9.85164e-48
    7.79854e-48
    6.17331e-48
    4.88678e-48
    3.86837e-48
    3.06219e-48
    2.42403e-48
    1.91885e-48
    1.51896e-48
    1.20241e-48
    9.51824e-49
    7.53462e-49
    5.96439e-49
     4.7214e-49
    3.73745e-49
    2.95856e-49
    2.34199e-49
    1.85392e-49
    1.46756e-49
    1.16172e-49
    9.19612e-50
    7.27963e-50
    5.76255e-50
    4.56162e-50
    3.61097e-50
    2.85844e-50
    2.26273e-50
    1.79118e-50
    1.41789e-50
     1.1224e-50
    8.88491e-51
    7.03328e-51
    5.56753e-51
    4.40725e-51
    3.48877e-51
     2.7617e-51
    2.18616e-51
    1.73056e-51
    1.36991e-51
    1.08442e-51
    8.58423e-52
    6.79526e-52
    5.37911e-52
     4.2581e-52
     3.3707e-52
    2.66824e-52
    2.11218e-52
    1.67199e-52
    1.32355e-52
    1.04772e-52
    8.29372e-53
    6.56529e-53
    5.19708e-53
      4.114e-53
    3.25663e-53
    2.57794e-53
     2.0407e-53
    1.61541e-53
