              0
              0
              0
              0
              0
              0
              0
              0
              0
              0
      0.0136414
     0.00533918
     0.00412885
              0
     0.00795257
      0.0146648
      0.0124324
     0.00437631
     0.00421406
      0.0205745
     0.00593815
     0.00582232
     0.00999902
      0.0228275
       0.011411
     0.00818052
     0.00832423
     0.00861106
     0.00993233
      0.0105702
     0.00818632
      0.0141001
     0.00893964
     0.00830198
     0.00824095
      0.0106301
     0.00973517
     0.00781972
     0.00717861
     0.00762446
     0.00747388
     0.00742702
     0.00703496
     0.00745015
     0.00632598
     0.00714244
      0.0068047
     0.00796887
     0.00728168
      0.0056641
     0.00577434
     0.00625391
      0.0060073
     0.00583895
     0.00554814
     0.00538422
     0.00512703
      0.0052751
     0.00654455
     0.00578802
     0.00489019
     0.00465147
     0.00482956
     0.00492513
     0.00446001
     0.00436907
     0.00419972
     0.00404178
     0.00399549
     0.00390812
     0.00465921
      0.0043584
     0.00354447
     0.00360493
     0.00378271
     0.00357824
     0.00335715
     0.00324236
      0.0031552
     0.00300317
     0.00297795
     0.00294635
     0.00345702
     0.00320098
     0.00266248
     0.00265309
     0.00267131
     0.00263387
      0.0024686
     0.00239656
     0.00232183
     0.00221323
     0.00219021
     0.00215202
     0.00248312
     0.00231409
     0.00194208
     0.00193181
     0.00194768
     0.00191607
     0.00180393
     0.00175223
     0.00169791
      0.0016206
     0.00159889
     0.00156816
     0.00178919
     0.00167121
     0.00141544
     0.00140555
     0.00141356
     0.00138955
     0.00131086
     0.00127338
     0.00123403
     0.00117901
     0.00116196
     0.00130483
     0.00123295
     0.00109274
     0.00104361
     0.00105382
     0.00103891
    0.000973615
    0.000954123
    0.000919642
    0.000880911
    0.000866027
    0.000848244
    0.000948022
    0.000889288
    0.000768119
    0.000759371
    0.000760601
    0.000746105
    0.000706562
    0.000686165
    0.000665099
    0.000636813
    0.000626185
      0.0006128
    0.000678753
    0.000638203
    0.000554399
    0.000548044
    0.000547424
    0.000536804
    0.000509097
    0.000494419
    0.000479239
     0.00045922
     0.00045121
    0.000441376
    0.000485467
    0.000457167
    0.000399495
     0.00039449
    0.000393402
    0.000385551
    0.000366092
    0.000355519
    0.000344622
    0.000330447
     0.00032446
    0.000352736
    0.000335163
    0.000303046
    0.000290466
    0.000290638
    0.000285498
    0.000269645
    0.000263641
    0.000254487
    0.000244478
     0.00023962
    0.000234191
    0.000253947
    0.000239858
    0.000212466
    0.000209154
     0.00020802
    0.000203565
    0.000193795
    0.000188158
    0.000182415
    0.000175167
    0.000171729
    0.000167737
    0.000180742
    0.000171009
    0.000152058
    0.000149698
    0.000148595
    0.000145382
    0.000138543
    0.000134518
    0.000130412
    0.000125297
    0.000122775
    0.000119887
    0.000128552
    0.000121762
    0.000108714
    0.000106948
     0.00010604
    0.000103706
    9.89106e-05
    9.60338e-05
     9.3106e-05
     8.9495e-05
    8.76522e-05
    9.31521e-05
    8.88652e-05
    8.14842e-05
     7.8296e-05
    7.78492e-05
    7.62811e-05
    7.24364e-05
    7.07112e-05
    6.83257e-05
    6.57701e-05
    6.43282e-05
    6.27764e-05
    6.66211e-05
    6.32406e-05
    5.70266e-05
    5.59723e-05
    5.53936e-05
     5.4115e-05
    5.17097e-05
    5.01976e-05
    4.86722e-05
    4.68335e-05
    4.58184e-05
     4.4693e-05
      4.721e-05
     4.4873e-05
     4.0573e-05
    3.98276e-05
    3.93581e-05
    3.84445e-05
    3.67626e-05
    3.56887e-05
     3.4604e-05
    3.33096e-05
    3.25756e-05
    3.17692e-05
    3.34386e-05
     3.1809e-05
    2.88467e-05
    2.83018e-05
    2.79454e-05
    2.72889e-05
    2.61107e-05
    2.53474e-05
    2.45777e-05
    2.36661e-05
    2.31368e-05
    2.41814e-05
    2.31375e-05
    2.14358e-05
    2.06342e-05
    2.04224e-05
    1.99743e-05
    1.90428e-05
    1.85678e-05
    1.79547e-05
    1.73084e-05
    1.69031e-05
    1.64773e-05
    1.72081e-05
    1.63968e-05
    1.49823e-05
    1.46735e-05
     1.4469e-05
    1.41172e-05
    1.35269e-05
    1.31298e-05
     1.2732e-05
    1.22694e-05
     1.1985e-05
     1.1679e-05
    1.21538e-05
    1.15926e-05
    1.06135e-05
    1.03963e-05
    1.02397e-05
    9.98988e-06
     9.5774e-06
    9.29651e-06
    9.01482e-06
     8.6898e-06
    8.48603e-06
    8.26818e-06
    8.58108e-06
    8.18989e-06
    7.51502e-06
    7.35828e-06
    7.24304e-06
    7.06482e-06
    6.77616e-06
    6.57732e-06
    6.37815e-06
     6.1497e-06
    6.00398e-06
    5.84888e-06
    6.05488e-06
    5.78233e-06
    5.31704e-06
    5.20428e-06
    5.11992e-06
    4.99293e-06
      4.791e-06
    4.65032e-06
    4.50957e-06
    4.34908e-06
      4.245e-06
    4.37057e-06
    4.19326e-06
    3.92108e-06
    3.78051e-06
     3.7264e-06
    3.63864e-06
    3.48127e-06
    3.39092e-06
    3.28114e-06
    3.16713e-06
    3.08878e-06
    3.00802e-06
    3.09598e-06
    2.96028e-06
    2.73741e-06
    2.67582e-06
    2.62988e-06
    2.56302e-06
    2.46194e-06
    2.38942e-06
    2.31724e-06
    2.23606e-06
     2.1812e-06
    2.12362e-06
    2.17993e-06
    2.08601e-06
    1.93169e-06
     1.8885e-06
    1.85448e-06
    1.80723e-06
    1.73667e-06
    1.68555e-06
    1.63462e-06
    1.57769e-06
    1.53868e-06
     1.4979e-06
    1.53456e-06
    1.46911e-06
    1.36268e-06
    1.33182e-06
    1.30724e-06
    1.27374e-06
    1.22441e-06
    1.18835e-06
    1.15246e-06
    1.11253e-06
    1.08482e-06
    1.10637e-06
    1.06333e-06
    1.00015e-06
    9.65264e-07
    9.49009e-07
    9.25697e-07
    8.87637e-07
    8.64039e-07
    8.36415e-07
    8.08011e-07
    7.87351e-07
    7.66291e-07
    7.81422e-07
     7.4884e-07
    6.97725e-07
    6.81199e-07
    6.68119e-07
    6.50663e-07
    6.25985e-07
    6.07503e-07
    5.89185e-07
    5.69029e-07
    5.54584e-07
    5.39636e-07
    5.49122e-07
     5.2656e-07
     4.9116e-07
    4.79591e-07
    4.70052e-07
    4.57754e-07
    4.40535e-07
    4.27538e-07
    4.14644e-07
    4.00526e-07
    3.90297e-07
    3.79747e-07
    3.85809e-07
    3.70092e-07
    3.45663e-07
    3.37444e-07
    3.30615e-07
    3.21925e-07
    3.09897e-07
    3.00751e-07
    2.91684e-07
    2.81792e-07
    2.74556e-07
    2.77893e-07
    2.67454e-07
    2.52749e-07
    2.44127e-07
    2.39525e-07
    2.33447e-07
    2.24248e-07
    2.18173e-07
    2.11268e-07
    2.04227e-07
     1.9887e-07
    1.93455e-07
    1.95806e-07
    1.87981e-07
     1.7622e-07
    1.71879e-07
    1.68299e-07
    1.63807e-07
    1.57793e-07
    1.53126e-07
    1.48515e-07
    1.43533e-07
    1.39791e-07
    1.35961e-07
    1.37375e-07
    1.31954e-07
    1.23807e-07
    1.20772e-07
    1.18188e-07
    1.15031e-07
    1.10837e-07
     1.0756e-07
    1.04321e-07
    1.00835e-07
    9.81937e-08
    9.54977e-08
    9.63666e-08
    9.25918e-08
    8.69665e-08
    8.48191e-08
    8.29807e-08
    8.07556e-08
    7.78275e-08
    7.55266e-08
    7.32527e-08
    7.08126e-08
      6.895e-08
    6.93574e-08
    6.68287e-08
    6.33964e-08
    6.12736e-08
    6.00184e-08
    5.84559e-08
     5.6234e-08
    5.46877e-08
    5.29712e-08
    5.12326e-08
    4.98612e-08
    4.84843e-08
    4.87742e-08
    4.68949e-08
      4.418e-08
    4.30577e-08
    4.21038e-08
    4.09605e-08
    3.94974e-08
    3.83276e-08
    3.71749e-08
    3.59476e-08
    3.49905e-08
    3.40193e-08
    3.41738e-08
    3.28714e-08
    3.09903e-08
    3.02064e-08
     2.9523e-08
    2.87209e-08
    2.77009e-08
    2.68809e-08
    2.60723e-08
    2.52143e-08
    2.45405e-08
    2.38582e-08
    2.39412e-08
    2.30345e-08
     2.1735e-08
    2.11821e-08
     2.0698e-08
     2.0134e-08
    1.94223e-08
    1.88472e-08
    1.82805e-08
    1.76805e-08
    1.72064e-08
    1.67269e-08
    1.67684e-08
    1.61372e-08
    1.52394e-08
    1.48497e-08
    1.45072e-08
    1.41108e-08
    1.36143e-08
    1.32111e-08
    1.28139e-08
    1.23945e-08
     1.2061e-08
    1.20594e-08
    1.16328e-08
    1.10765e-08
    1.07123e-08
     1.0476e-08
    1.01965e-08
     9.8228e-09
    9.54879e-09
    9.25151e-09
    8.95244e-09
    8.70814e-09
    8.46438e-09
    8.46428e-09
    8.15003e-09
    7.71553e-09
    7.51376e-09
    7.33764e-09
    7.13509e-09
    6.88713e-09
    6.68286e-09
    6.48211e-09
     6.2715e-09
    6.10114e-09
    5.92966e-09
    5.92273e-09
    5.70488e-09
    5.40373e-09
    5.26295e-09
    5.13757e-09
     4.9957e-09
    4.82292e-09
    4.67994e-09
    4.53933e-09
    4.39223e-09
    4.27257e-09
    4.15232e-09
    4.14398e-09
    3.99234e-09
     3.7842e-09
    3.68516e-09
     3.5967e-09
    3.49715e-09
    3.37666e-09
    3.27654e-09
    3.17812e-09
    3.07535e-09
    2.99135e-09
    2.97869e-09
    2.87551e-09
    2.74498e-09
    2.65586e-09
    2.59441e-09
    2.52408e-09
    2.43389e-09
    2.36534e-09
    2.29211e-09
    2.21879e-09
    2.15746e-09
    2.09651e-09
    2.08792e-09
    2.01243e-09
    1.91146e-09
     1.8605e-09
    1.81526e-09
     1.7646e-09
    1.70444e-09
    1.65384e-09
     1.6042e-09
    1.55265e-09
     1.5099e-09
     1.4671e-09
    1.45967e-09
    1.40732e-09
    1.33733e-09
    1.30179e-09
    1.26971e-09
    1.23426e-09
    1.19236e-09
    1.15697e-09
    1.12224e-09
    1.08626e-09
    1.05628e-09
     1.0263e-09
    9.97848e-10
    9.68751e-10
    9.35554e-10
    9.08581e-10
    8.81413e-10
    8.54491e-10
    8.29596e-10
    8.04299e-10
     7.8045e-10
    7.57166e-10
    7.34702e-10
    7.12882e-10
    6.91545e-10
    6.70923e-10
    6.50837e-10
    6.31458e-10
    6.12551e-10
    5.94239e-10
    5.76483e-10
    5.59269e-10
    5.42564e-10
    5.26362e-10
    5.10645e-10
    4.95402e-10
    4.80611e-10
     4.6626e-10
    4.52338e-10
     4.3883e-10
    4.25722e-10
    4.13006e-10
    4.00669e-10
    3.88702e-10
    3.77092e-10
    3.65828e-10
    3.54902e-10
    3.44301e-10
    3.34018e-10
    3.24042e-10
    3.14364e-10
    3.04974e-10
    2.95866e-10
    2.87029e-10
    2.78456e-10
     2.7014e-10
    2.62071e-10
    2.54244e-10
    2.46651e-10
    2.39284e-10
    2.32138e-10
    2.25205e-10
    2.18478e-10
    2.11953e-10
    2.05623e-10
    1.99482e-10
    1.93524e-10
    1.87744e-10
    1.82137e-10
    1.76697e-10
    1.71419e-10
      1.663e-10
    1.61333e-10
    1.56514e-10
     1.5184e-10
    1.47305e-10
    1.42905e-10
    1.38637e-10
    1.34497e-10
     1.3048e-10
    1.26583e-10
    1.22802e-10
    1.19134e-10
    1.15576e-10
    1.12124e-10
    1.08775e-10
    1.05527e-10
    1.02375e-10
    9.93174e-11
    9.63511e-11
    9.34734e-11
    9.06816e-11
    8.79733e-11
    8.53458e-11
    8.27968e-11
    8.03239e-11
    7.79249e-11
    7.55976e-11
    7.33397e-11
    7.11493e-11
    6.90243e-11
    6.69628e-11
    6.49628e-11
    6.30226e-11
    6.11403e-11
    5.93142e-11
    5.75427e-11
    5.58241e-11
    5.41568e-11
    5.25393e-11
    5.09702e-11
    4.94478e-11
     4.7971e-11
    4.65383e-11
    4.51483e-11
    4.37999e-11
    4.24917e-11
    4.12226e-11
    3.99915e-11
     3.8797e-11
    3.76383e-11
    3.65142e-11
    3.54236e-11
    3.43656e-11
    3.33392e-11
    3.23435e-11
    3.13775e-11
    3.04404e-11
    2.95312e-11
    2.86492e-11
    2.77935e-11
    2.69634e-11
    2.61581e-11
    2.53769e-11
     2.4619e-11
    2.38837e-11
    2.31703e-11
    2.24783e-11
     2.1807e-11
    2.11557e-11
    2.05238e-11
    1.99108e-11
    1.93162e-11
    1.87392e-11
    1.81796e-11
    1.76366e-11
    1.71099e-11
    1.65988e-11
    1.61031e-11
    1.56221e-11
    1.51556e-11
    1.47029e-11
    1.42638e-11
    1.38378e-11
    1.34245e-11
    1.30235e-11
    1.26346e-11
    1.22572e-11
    1.18911e-11
     1.1536e-11
    1.11914e-11
    1.08572e-11
    1.05329e-11
    1.02183e-11
    9.91315e-12
    9.61707e-12
    9.32984e-12
    9.05119e-12
    8.78086e-12
    8.51861e-12
    8.26418e-12
    8.01736e-12
    7.77791e-12
    7.54561e-12
    7.32024e-12
    7.10161e-12
    6.88951e-12
    6.68374e-12
    6.48412e-12
    6.29046e-12
    6.10259e-12
    5.92032e-12
     5.7435e-12
    5.57196e-12
    5.40555e-12
     5.2441e-12
    5.08748e-12
    4.93553e-12
    4.78812e-12
    4.64512e-12
    4.50638e-12
    4.37179e-12
    4.24122e-12
    4.11455e-12
    3.99166e-12
    3.87244e-12
    3.75678e-12
    3.64458e-12
    3.53573e-12
    3.43013e-12
    3.32768e-12
     3.2283e-12
    3.13188e-12
    3.03834e-12
    2.94759e-12
    2.85956e-12
    2.77415e-12
     2.6913e-12
    2.61092e-12
    2.53294e-12
    2.45729e-12
     2.3839e-12
     2.3127e-12
    2.24362e-12
    2.17661e-12
    2.11161e-12
    2.04854e-12
    1.98736e-12
      1.928e-12
    1.87042e-12
    1.81455e-12
    1.76036e-12
    1.70778e-12
    1.65678e-12
    1.60729e-12
    1.55929e-12
    1.51272e-12
    1.46754e-12
    1.42371e-12
    1.38119e-12
    1.33994e-12
    1.29992e-12
    1.26109e-12
    1.22343e-12
    1.18689e-12
    1.15144e-12
    1.11705e-12
    1.08369e-12
    1.05132e-12
    1.01992e-12
    9.89459e-13
    9.59907e-13
    9.31238e-13
    9.03425e-13
    8.76443e-13
    8.50266e-13
    8.24871e-13
    8.00235e-13
    7.76335e-13
    7.53148e-13
    7.30654e-13
    7.08832e-13
    6.87661e-13
    6.67123e-13
    6.47198e-13
    6.27869e-13
    6.09116e-13
    5.90924e-13
    5.73275e-13
    5.56153e-13
    5.39543e-13
    5.23428e-13
    5.07795e-13
    4.92629e-13
    4.77916e-13
    4.63642e-13
    4.49795e-13
    4.36361e-13
    4.23328e-13
    4.10685e-13
    3.98419e-13
    3.86519e-13
    3.74975e-13
    3.63776e-13
    3.52911e-13
    3.42371e-13
    3.32145e-13
    3.22225e-13
    3.12601e-13
    3.03265e-13
    2.94208e-13
    2.85421e-13
    2.76896e-13
    2.68626e-13
    2.60603e-13
     2.5282e-13
    2.45269e-13
    2.37943e-13
    2.30837e-13
    2.23942e-13
    2.17254e-13
    2.10765e-13
     2.0447e-13
    1.98364e-13
    1.92439e-13
    1.86692e-13
    1.81116e-13
    1.75706e-13
    1.70459e-13
    1.65368e-13
    1.60429e-13
    1.55637e-13
    1.50989e-13
    1.46479e-13
    1.42104e-13
     1.3786e-13
    1.33743e-13
    1.29748e-13
    1.25873e-13
    1.22114e-13
    1.18467e-13
    1.14928e-13
    1.11496e-13
    1.08166e-13
    1.04935e-13
    1.01801e-13
    9.87607e-14
    9.58111e-14
    9.29495e-14
    9.01734e-14
    8.74802e-14
    8.48675e-14
    8.23327e-14
    7.98737e-14
    7.74882e-14
    7.51739e-14
    7.29287e-14
    7.07505e-14
    6.86374e-14
    6.65875e-14
    6.45987e-14
    6.26694e-14
    6.07976e-14
    5.89818e-14
    5.72202e-14
    5.55112e-14
    5.38533e-14
    5.22449e-14
    5.06845e-14
    4.91707e-14
    4.77021e-14
    4.62774e-14
    4.48953e-14
    4.35544e-14
    4.22536e-14
    4.09916e-14
    3.97673e-14
    3.85796e-14
    3.74273e-14
    3.63095e-14
    3.52251e-14
     3.4173e-14
    3.31524e-14
    3.21622e-14
    3.12016e-14
    3.02697e-14
    2.93657e-14
    2.84886e-14
    2.76378e-14
    2.68123e-14
    2.60115e-14
    2.52346e-14
     2.4481e-14
    2.37498e-14
    2.30405e-14
    2.23523e-14
    2.16847e-14
    2.10371e-14
    2.04088e-14
    1.97992e-14
    1.92079e-14
    1.86342e-14
    1.80777e-14
    1.75378e-14
     1.7014e-14
    1.65058e-14
    1.60128e-14
    1.55346e-14
    1.50706e-14
    1.46205e-14
    1.41838e-14
    1.37602e-14
    1.33492e-14
    1.29505e-14
    1.25638e-14
    1.21885e-14
    1.18245e-14
    1.14713e-14
    1.11287e-14
    1.07963e-14
    1.04739e-14
    1.01611e-14
    9.85759e-15
    9.56317e-15
    9.27755e-15
    9.00046e-15
    8.73165e-15
    8.47086e-15
    8.21786e-15
    7.97242e-15
    7.73431e-15
    7.50331e-15
    7.27921e-15
    7.06181e-15
     6.8509e-15
    6.64628e-15
    6.44778e-15
     6.2552e-15
    6.06838e-15
    5.88714e-15
    5.71131e-15
    5.54073e-15
