              0
              0
              0
              0
              0
              0
              0
              0
              0
      0.0032371
     0.00589907
    0.000274233
    0.000229087
      0.0109328
     0.00131953
     0.00399194
     0.00128749
     0.00642551
      0.0106073
     0.00749256
      0.0102821
      0.0130578
      0.0358996
     0.00692327
      0.0127134
      0.0156038
      0.0090811
     0.00909268
     0.00936459
      0.0079061
      0.0138104
     0.00828569
     0.00766604
     0.00748045
      0.0111135
     0.00750433
     0.00767789
     0.00974716
      0.0079381
     0.00697148
     0.00782472
       0.008782
     0.00678763
     0.00647904
     0.00651612
     0.00971544
     0.00823479
     0.00736327
     0.00757264
     0.00811779
     0.00594868
     0.00595153
      0.0060789
     0.00568665
     0.00590622
     0.00561196
     0.00540105
     0.00656661
     0.00567125
     0.00501844
     0.00608305
     0.00474326
     0.00465829
     0.00459813
      0.0045515
     0.00436409
     0.00419877
     0.00425804
     0.00400955
     0.00480885
     0.00387167
     0.00377027
     0.00463297
     0.00359577
     0.00348148
     0.00350058
     0.00332213
     0.00323118
     0.00315336
     0.00307147
     0.00297762
     0.00350305
     0.00285798
     0.00280257
     0.00331378
     0.00266776
     0.00260802
     0.00260793
      0.0025127
     0.00243388
     0.00235768
     0.00230236
     0.00222925
     0.00257602
     0.00212929
     0.00207813
     0.00241161
     0.00196491
     0.00190959
     0.00191037
     0.00181838
     0.00176485
     0.00171835
     0.00167105
     0.00161972
     0.00185195
     0.00154488
     0.00150834
     0.00173241
     0.00142646
     0.00138718
     0.00138538
     0.00132096
     0.00128293
     0.00124903
     0.00121514
     0.00136164
     0.00115076
     0.00112331
     0.00127409
     0.00106901
     0.00104514
     0.00101491
     0.00100358
    0.000961565
    0.000935399
    0.000906374
    0.000882402
    0.000983622
    0.000838788
    0.000817825
    0.000918194
    0.000771874
    0.000750691
     0.00074665
     0.00071386
    0.000693776
    0.000674555
    0.000656012
    0.000635962
    0.000705392
    0.000605213
    0.000590264
     0.00065722
    0.000557651
    0.000542018
    0.000538248
    0.000514918
    0.000499955
    0.000486399
    0.000472927
    0.000458597
    0.000504969
    0.000436104
    0.000425165
    0.000470003
    0.000401593
     0.00039028
    0.000387078
    0.000370569
    0.000359791
    0.000349975
    0.000340242
    0.000369149
    0.000321722
    0.000313582
     0.00034362
    0.000297637
    0.000290463
    0.000281994
    0.000277625
    0.000266757
    0.000259335
    0.000251356
    0.000244512
    0.000264487
    0.000231903
    0.000225852
     0.00024579
    0.000213029
    0.000207067
    0.000204814
    0.000196454
    0.000190852
    0.000185473
    0.000180277
    0.000174795
    0.000188482
    0.000165937
     0.00016165
    0.000174908
    0.000152592
    0.000148253
     0.00014648
    0.000140554
    0.000136445
    0.000132664
    0.000128927
    0.000125033
    0.000134142
    0.000118636
    0.000115538
     0.00012439
    0.000109049
    0.000105938
    0.000104581
      0.0001004
     9.7463e-05
    9.47509e-05
     9.2075e-05
    9.76783e-05
    8.69779e-05
    8.46941e-05
    9.05897e-05
    8.02466e-05
    7.82167e-05
    7.59247e-05
    7.45239e-05
    7.17472e-05
    6.97208e-05
    6.75886e-05
    6.57117e-05
    6.95815e-05
    6.22254e-05
    6.05541e-05
    6.44509e-05
    5.70907e-05
    5.54713e-05
     5.4655e-05
    5.25433e-05
    5.10306e-05
    4.95752e-05
     4.8168e-05
    4.67086e-05
     4.9356e-05
    4.42653e-05
    4.30862e-05
    4.56663e-05
    4.06479e-05
    3.94806e-05
    3.88691e-05
    3.73766e-05
    3.62792e-05
    3.52586e-05
    3.42537e-05
    3.32213e-05
    3.49752e-05
    3.14718e-05
    3.06272e-05
    3.23428e-05
    2.88911e-05
    2.80594e-05
    2.76079e-05
    2.65571e-05
    2.57771e-05
    2.50497e-05
    2.43345e-05
    2.53938e-05
    2.29712e-05
    2.23523e-05
    2.34861e-05
    2.11516e-05
    2.05983e-05
    1.99926e-05
    1.95808e-05
    1.88782e-05
    1.83392e-05
    1.77809e-05
    1.72801e-05
     1.8011e-05
    1.63446e-05
    1.58965e-05
    1.66416e-05
    1.49824e-05
    1.45533e-05
    1.42983e-05
    1.37688e-05
    1.33697e-05
     1.2985e-05
    1.26129e-05
    1.22318e-05
    1.27308e-05
    1.15773e-05
    1.12621e-05
    1.17525e-05
    1.06201e-05
    1.03129e-05
    1.01263e-05
    9.75293e-06
    9.46571e-06
    9.19644e-06
    8.93208e-06
     8.6633e-06
    8.99171e-06
    8.19744e-06
      7.973e-06
    8.29727e-06
    7.51798e-06
     7.3001e-06
    7.16471e-06
    6.90235e-06
    6.69903e-06
    6.50804e-06
    6.32071e-06
    6.13054e-06
    6.34672e-06
     5.7997e-06
    5.64031e-06
    5.85428e-06
    5.31803e-06
    5.16374e-06
    5.06571e-06
    4.88153e-06
    4.73765e-06
    4.60233e-06
    4.46967e-06
    4.59586e-06
    4.21664e-06
    4.10047e-06
    4.23991e-06
    3.87586e-06
     3.7715e-06
    3.66023e-06
    3.57785e-06
    3.45387e-06
    3.35433e-06
     3.2526e-06
    3.15986e-06
     3.2468e-06
    2.98575e-06
     2.9024e-06
    2.99308e-06
    2.73472e-06
     2.6557e-06
    2.60251e-06
    2.50988e-06
    2.43668e-06
    2.36604e-06
    2.29766e-06
    2.22839e-06
     2.2875e-06
    2.10675e-06
    2.04827e-06
    2.10731e-06
    1.93076e-06
    1.87455e-06
    1.83621e-06
    1.77106e-06
    1.71875e-06
    1.66938e-06
    1.62102e-06
    1.57231e-06
    1.61072e-06
    1.48617e-06
    1.44475e-06
    1.48337e-06
    1.36179e-06
    1.32209e-06
    1.29462e-06
    1.24892e-06
    1.21203e-06
    1.17715e-06
    1.14302e-06
     1.1644e-06
    1.07789e-06
    1.04779e-06
    1.07249e-06
    9.89697e-07
    9.62576e-07
    9.34119e-07
    9.11982e-07
    8.81082e-07
    8.55541e-07
    8.29658e-07
    8.05821e-07
     8.2052e-07
    7.60932e-07
     7.3945e-07
    7.55288e-07
    6.96602e-07
    6.76367e-07
    6.61752e-07
    6.38802e-07
    6.20099e-07
    6.02036e-07
    5.84543e-07
    5.66946e-07
    5.76883e-07
    5.35615e-07
    5.20568e-07
    5.30723e-07
    4.90581e-07
    4.76239e-07
    4.65789e-07
    4.49673e-07
    4.36369e-07
    4.23754e-07
    4.11418e-07
    3.99068e-07
    4.05402e-07
    3.76951e-07
    3.66327e-07
    3.72869e-07
    3.45211e-07
    3.35107e-07
    3.27668e-07
    3.16378e-07
    3.07016e-07
    2.98129e-07
    2.89444e-07
    2.92671e-07
    2.72869e-07
    2.65165e-07
    2.69219e-07
    2.50324e-07
    2.43369e-07
    2.36163e-07
    2.30342e-07
    2.22679e-07
    2.16194e-07
    2.09666e-07
    2.03606e-07
    2.05813e-07
    1.92165e-07
    1.86692e-07
    1.89225e-07
    1.75849e-07
    1.70718e-07
    1.66814e-07
    1.61151e-07
    1.56418e-07
    1.51844e-07
    1.47413e-07
    1.42981e-07
    1.44456e-07
    1.35001e-07
    1.31173e-07
     1.3275e-07
    1.23592e-07
    1.19967e-07
    1.17191e-07
    1.13219e-07
    1.09865e-07
    1.06673e-07
    1.03555e-07
    1.00449e-07
    1.01352e-07
    9.48304e-08
    9.21337e-08
    9.31201e-08
    8.68063e-08
    8.42579e-08
    8.22907e-08
    7.95114e-08
    7.71555e-08
    7.49115e-08
     7.2721e-08
    7.30873e-08
    6.85394e-08
    6.65878e-08
    6.71591e-08
    6.28325e-08
    6.10674e-08
    5.92569e-08
    5.77505e-08
    5.58583e-08
    5.42253e-08
    5.25907e-08
     5.1063e-08
    5.13102e-08
    4.81739e-08
     4.6792e-08
    4.71282e-08
     4.4069e-08
    4.27789e-08
    4.17566e-08
    4.03638e-08
    3.91755e-08
    3.80263e-08
    3.69129e-08
    3.58041e-08
    3.59631e-08
    3.37901e-08
    3.28243e-08
     3.3019e-08
    3.09223e-08
     3.0013e-08
    2.92891e-08
    2.83135e-08
    2.74737e-08
    2.66722e-08
    2.58903e-08
    2.51142e-08
    2.51985e-08
    2.36988e-08
      2.302e-08
    2.31317e-08
    2.16855e-08
    2.10473e-08
    2.05361e-08
     1.9854e-08
    1.92651e-08
    1.87026e-08
     1.8154e-08
    1.76099e-08
    1.76514e-08
    1.66161e-08
    1.61395e-08
     1.6201e-08
    1.52035e-08
    1.47559e-08
     1.4395e-08
    1.39184e-08
    1.35054e-08
    1.31108e-08
    1.27261e-08
     1.2715e-08
    1.19914e-08
    1.16471e-08
    1.16715e-08
    1.09855e-08
    1.06736e-08
    1.03568e-08
    1.00857e-08
    9.76016e-09
    9.47381e-09
    9.18865e-09
    8.92048e-09
    8.91173e-09
    8.41238e-09
     8.1694e-09
    8.17748e-09
    7.69311e-09
    7.46713e-09
    7.28124e-09
    7.04259e-09
    6.83476e-09
    6.63366e-09
    6.43878e-09
    6.24555e-09
    6.23762e-09
    5.89154e-09
    5.72189e-09
    5.72184e-09
    5.38949e-09
    5.23059e-09
    5.09945e-09
    4.93249e-09
    4.78601e-09
    4.64585e-09
    4.50922e-09
    4.37413e-09
    4.36482e-09
    4.12582e-09
    4.00681e-09
    4.00335e-09
    3.77396e-09
    3.66262e-09
    3.57031e-09
    3.45368e-09
    3.35111e-09
    3.25291e-09
    3.15721e-09
    3.14182e-09
    2.97446e-09
    2.88859e-09
    2.88191e-09
    2.72369e-09
     2.6458e-09
     2.5672e-09
    2.49871e-09
    2.41888e-09
    2.34774e-09
    2.27715e-09
    2.21047e-09
    2.19955e-09
      2.084e-09
    2.02352e-09
    2.01698e-09
     1.9054e-09
     1.8493e-09
    1.80201e-09
    1.74366e-09
    1.69212e-09
    1.64223e-09
    1.59387e-09
    1.54607e-09
    1.53808e-09
    1.45798e-09
    1.41579e-09
    1.41003e-09
     1.3334e-09
    1.29401e-09
    1.26073e-09
    1.21994e-09
    1.18368e-09
    1.14893e-09
    1.11507e-09
    1.08167e-09
    1.05041e-09
    1.01997e-09
    9.90405e-10
    9.61545e-10
    9.32752e-10
    9.04024e-10
    8.79675e-10
    8.51341e-10
    8.25615e-10
    8.00713e-10
    7.77014e-10
     7.5354e-10
    7.31085e-10
    7.09184e-10
    6.87992e-10
    6.67383e-10
    6.47567e-10
    6.28288e-10
    6.09572e-10
    5.91386e-10
    5.73659e-10
    5.56531e-10
    5.39908e-10
    5.23801e-10
    5.08164e-10
    4.92997e-10
    4.78274e-10
    4.63994e-10
    4.50138e-10
    4.36694e-10
    4.23653e-10
    4.10999e-10
    3.98723e-10
    3.86814e-10
     3.7526e-10
    3.64052e-10
    3.53179e-10
     3.4263e-10
    3.32396e-10
    3.22468e-10
    3.12837e-10
    3.03493e-10
    2.94429e-10
    2.85635e-10
    2.77104e-10
    2.68827e-10
    2.60798e-10
    2.53009e-10
    2.45452e-10
    2.38121e-10
    2.31009e-10
     2.2411e-10
    2.17417e-10
    2.10923e-10
    2.04623e-10
    1.98512e-10
    1.92583e-10
    1.86831e-10
    1.81251e-10
    1.75838e-10
    1.70586e-10
    1.65491e-10
    1.60549e-10
    1.55754e-10
    1.51102e-10
    1.46589e-10
    1.42211e-10
    1.37963e-10
    1.33843e-10
    1.29846e-10
    1.25967e-10
    1.22205e-10
    1.18555e-10
    1.15014e-10
    1.11579e-10
    1.08247e-10
    1.05014e-10
    1.01877e-10
    9.88347e-11
    9.58828e-11
    9.30191e-11
     9.0241e-11
    8.75457e-11
     8.4931e-11
    8.23944e-11
    7.99336e-11
    7.75462e-11
    7.52302e-11
    7.29833e-11
    7.08035e-11
    6.86889e-11
    6.66373e-11
    6.46471e-11
    6.27163e-11
    6.08432e-11
     5.9026e-11
    5.72631e-11
    5.55528e-11
    5.38936e-11
     5.2284e-11
    5.07225e-11
    4.92075e-11
    4.77379e-11
    4.63121e-11
    4.49289e-11
     4.3587e-11
    4.22852e-11
    4.10223e-11
    3.97971e-11
    3.86085e-11
    3.74554e-11
    3.63367e-11
    3.52515e-11
    3.41986e-11
    3.31772e-11
    3.21863e-11
     3.1225e-11
    3.02924e-11
    2.93877e-11
      2.851e-11
    2.76585e-11
    2.68324e-11
     2.6031e-11
    2.52535e-11
    2.44993e-11
    2.37676e-11
    2.30577e-11
    2.23691e-11
     2.1701e-11
    2.10528e-11
    2.04241e-11
    1.98141e-11
    1.92223e-11
    1.86482e-11
    1.80912e-11
    1.75509e-11
    1.70267e-11
    1.65182e-11
    1.60248e-11
    1.55462e-11
    1.50819e-11
    1.46315e-11
    1.41945e-11
    1.37705e-11
    1.33592e-11
    1.29602e-11
    1.25732e-11
    1.21976e-11
    1.18333e-11
    1.14799e-11
    1.11371e-11
    1.08044e-11
    1.04817e-11
    1.01687e-11
    9.86497e-12
    9.57034e-12
     9.2845e-12
     9.0072e-12
    8.73819e-12
    8.47721e-12
    8.22402e-12
     7.9784e-12
    7.74011e-12
    7.50894e-12
    7.28467e-12
     7.0671e-12
    6.85603e-12
    6.65126e-12
    6.45261e-12
    6.25989e-12
    6.07293e-12
    5.89155e-12
    5.71559e-12
    5.54488e-12
    5.37928e-12
    5.21861e-12
    5.06275e-12
    4.91154e-12
    4.76485e-12
    4.62254e-12
    4.48448e-12
    4.35054e-12
    4.22061e-12
    4.09455e-12
    3.97226e-12
    3.85362e-12
    3.73853e-12
    3.62687e-12
    3.51855e-12
    3.41346e-12
    3.31151e-12
    3.21261e-12
    3.11666e-12
    3.02357e-12
    2.93327e-12
    2.84566e-12
    2.76067e-12
    2.67822e-12
    2.59823e-12
    2.52063e-12
    2.44535e-12
    2.37231e-12
    2.30146e-12
    2.23272e-12
    2.16604e-12
    2.10134e-12
    2.03858e-12
     1.9777e-12
    1.91863e-12
    1.86133e-12
    1.80574e-12
     1.7518e-12
    1.69948e-12
    1.64873e-12
    1.59948e-12
    1.55171e-12
    1.50537e-12
    1.46041e-12
    1.41679e-12
    1.37447e-12
    1.33342e-12
     1.2936e-12
    1.25496e-12
    1.21748e-12
    1.18112e-12
    1.14584e-12
    1.11162e-12
    1.07842e-12
    1.04621e-12
    1.01496e-12
    9.84651e-13
    9.55242e-13
    9.26712e-13
    8.99034e-13
    8.72183e-13
    8.46134e-13
    8.20863e-13
    7.96346e-13
    7.72562e-13
    7.49488e-13
    7.27103e-13
    7.05387e-13
     6.8432e-13
    6.63881e-13
    6.44053e-13
    6.24817e-13
    6.06156e-13
    5.88052e-13
    5.70489e-13
     5.5345e-13
    5.36921e-13
    5.20885e-13
    5.05327e-13
    4.90235e-13
    4.75593e-13
    4.61389e-13
    4.47609e-13
     4.3424e-13
    4.21271e-13
    4.08689e-13
    3.96483e-13
    3.84641e-13
    3.73153e-13
    3.62008e-13
    3.51196e-13
    3.40707e-13
    3.30531e-13
    3.20659e-13
    3.11082e-13
    3.01791e-13
    2.92778e-13
    2.84033e-13
     2.7555e-13
    2.67321e-13
    2.59337e-13
    2.51591e-13
    2.44077e-13
    2.36787e-13
    2.29715e-13
    2.22854e-13
    2.16198e-13
    2.09741e-13
    2.03477e-13
      1.974e-13
    1.91504e-13
    1.85784e-13
    1.80236e-13
    1.74853e-13
     1.6963e-13
    1.64564e-13
    1.59649e-13
    1.54881e-13
    1.50255e-13
    1.45767e-13
    1.41414e-13
     1.3719e-13
    1.33093e-13
    1.29118e-13
    1.25261e-13
     1.2152e-13
    1.17891e-13
     1.1437e-13
    1.10954e-13
     1.0764e-13
    1.04425e-13
    1.01306e-13
    9.82808e-14
    9.53454e-14
    9.24978e-14
    8.97352e-14
    8.70551e-14
     8.4455e-14
    8.19326e-14
    7.94856e-14
    7.71116e-14
    7.48085e-14
    7.25742e-14
    7.04067e-14
    6.83039e-14
    6.62638e-14
    6.42848e-14
    6.23648e-14
    6.05022e-14
    5.86952e-14
    5.69421e-14
    5.52414e-14
    5.35916e-14
     5.1991e-14
    5.04382e-14
    4.89317e-14
    4.74703e-14
    4.60525e-14
    4.46771e-14
    4.33427e-14
    4.20482e-14
    4.07924e-14
     3.9574e-14
    3.83921e-14
    3.72455e-14
    3.61331e-14
    3.50539e-14
    3.40069e-14
    3.29913e-14
    3.20059e-14
      3.105e-14
    3.01226e-14
     2.9223e-14
    2.83502e-14
    2.75035e-14
     2.6682e-14
    2.58851e-14
     2.5112e-14
     2.4362e-14
    2.36344e-14
    2.29285e-14
    2.22437e-14
    2.15794e-14
    2.09348e-14
    2.03096e-14
     1.9703e-14
    1.91145e-14
    1.85437e-14
    1.79898e-14
    1.74525e-14
    1.69313e-14
    1.64256e-14
     1.5935e-14
    1.54591e-14
    1.49974e-14
    1.45495e-14
    1.41149e-14
    1.36933e-14
    1.32844e-14
    1.28876e-14
    1.25027e-14
    1.21293e-14
     1.1767e-14
    1.14156e-14
    1.10746e-14
    1.07439e-14
     1.0423e-14
    1.01117e-14
    9.80968e-15
     9.5167e-15
    9.23246e-15
    8.95672e-15
    8.68921e-15
    8.42969e-15
    8.17793e-15
    7.93368e-15
    7.69673e-15
    7.46685e-15
    7.24384e-15
    7.02749e-15
     6.8176e-15
    6.61398e-15
    6.41644e-15
    6.22481e-15
    6.03889e-15
    5.85853e-15
    5.68355e-15
