              0
              0
              0
              0
              0
              0
              0
              0
      0.0109645
      0.0173272
              0
    0.000629507
    0.000718402
    0.000905089
      0.0016454
     0.00959872
     0.00765099
      0.0307116
     0.00198754
    0.000306686
     0.00795171
     0.00119799
     0.00580343
    0.000769737
      0.0201596
    0.000467457
     0.00102397
     0.00302749
    0.000858502
     0.00415997
    0.000509724
    0.000415024
     0.00638217
    0.000430941
    0.000332116
    0.000340174
    0.000197444
    0.000261595
    0.000310207
     0.00191091
    0.000123669
    0.000105936
    0.000437061
    8.19274e-05
     0.00360012
    0.000835902
    7.59714e-05
    7.37056e-05
    0.000807279
    0.000663688
    0.000153928
     0.00126511
    4.99414e-05
    4.62925e-05
     0.00025448
     0.00240217
    7.50168e-05
     9.3242e-05
    4.19079e-05
    0.000313447
    7.51526e-05
     9.6493e-05
    0.000854093
    3.46499e-05
    3.05526e-05
    3.30391e-05
    1.97041e-05
     0.00163538
    5.17753e-05
    2.26671e-05
    9.94219e-05
    1.87726e-05
    5.15282e-05
    0.000218388
    0.000573373
    1.73231e-05
    1.26357e-05
    8.50202e-06
    1.06586e-05
     0.00111247
    3.54813e-05
    1.44239e-05
    1.26417e-05
    1.15098e-05
    3.02988e-05
    3.93714e-05
     0.00038662
    8.79365e-06
    6.60592e-06
    5.13176e-06
    5.58977e-06
    0.000753863
    2.20479e-05
    8.42185e-06
    8.03223e-06
     5.8889e-06
    1.79822e-05
    2.52413e-05
    0.000261429
    5.24632e-06
    4.03708e-06
    2.96837e-06
    3.40389e-06
    0.000512337
    1.47981e-05
    5.57441e-06
    5.32896e-06
    3.88452e-06
    1.21297e-05
    1.70853e-05
    0.000177709
    3.51872e-06
    2.70747e-06
    1.98943e-06
    0.000343149
    7.51726e-06
      1.005e-05
    3.78039e-06
    3.61562e-06
    7.78724e-06
    1.19038e-05
    0.000122187
    2.73779e-06
     1.8317e-06
    1.90493e-06
    1.66076e-06
    0.000236965
    6.86122e-06
    2.66046e-06
     2.5025e-06
    1.83239e-06
    5.63993e-06
    7.92207e-06
    8.21927e-05
    1.64677e-06
    1.26739e-06
    9.33019e-07
    1.06857e-06
    0.000161094
    4.65231e-06
    1.75128e-06
    1.67462e-06
    1.22071e-06
     3.8133e-06
    5.37165e-06
    5.58768e-05
     1.1061e-06
    8.51096e-07
    6.25405e-07
    7.21021e-07
    0.000109539
    3.15997e-06
    1.18861e-06
    1.13681e-06
    8.28422e-07
    2.59179e-06
    3.65169e-06
    3.79954e-05
    7.51462e-07
    5.78189e-07
    4.24816e-07
    7.33695e-05
    1.60696e-06
    2.14856e-06
     8.0809e-07
    7.72903e-07
    1.66489e-06
    2.54509e-06
    2.61252e-05
     5.8531e-07
     3.9159e-07
    4.07258e-07
    3.55059e-07
    5.06663e-05
      1.467e-06
    5.68826e-07
    5.35056e-07
    3.91779e-07
    1.20589e-06
    1.69384e-06
    1.75739e-05
    3.52099e-07
    2.70982e-07
     1.9949e-07
    2.28474e-07
    3.44441e-05
    9.94728e-07
    3.74447e-07
    3.58057e-07
    2.61005e-07
    8.15337e-07
    1.14853e-06
    1.19472e-05
      2.365e-07
    1.81976e-07
     1.3372e-07
    1.54164e-07
     2.3421e-05
    6.75644e-07
    2.54141e-07
    2.43065e-07
    1.77128e-07
     5.5416e-07
    7.80781e-07
    8.12395e-06
    1.60673e-07
    1.23625e-07
    9.08315e-08
    1.56874e-05
    3.43589e-07
    4.59393e-07
    1.72781e-07
    1.65257e-07
    3.55976e-07
    5.44176e-07
    5.58593e-06
    1.25147e-07
    8.37272e-08
    8.70773e-08
    7.59166e-08
    1.08331e-05
    3.13665e-07
    1.21623e-07
    1.14402e-07
    8.37678e-08
    2.57835e-07
    3.62166e-07
    3.75755e-06
    7.52836e-08
    5.79397e-08
    4.26537e-08
    4.88509e-08
    7.36461e-06
    2.12686e-07
    8.00619e-08
    7.65575e-08
    5.58064e-08
     1.7433e-07
    2.45572e-07
    2.55448e-06
    5.05669e-08
    3.89089e-08
    2.85912e-08
    3.29624e-08
    5.00774e-06
    1.44462e-07
    5.43389e-08
    5.19707e-08
    3.78724e-08
    1.18487e-07
    1.66942e-07
    1.73701e-06
    3.43541e-08
    2.64327e-08
     1.9421e-08
    3.35418e-06
    7.34642e-08
    9.82245e-08
    3.69429e-08
    3.53343e-08
    7.61125e-08
    1.16352e-07
    1.19435e-06
    2.67582e-08
     1.7902e-08
    1.86183e-08
     1.6232e-08
    2.31628e-06
    6.70659e-08
    2.60046e-08
    2.44608e-08
    1.79107e-08
    5.51287e-08
    7.74362e-08
    8.03415e-07
    1.60967e-08
    1.23883e-08
    9.11994e-09
     1.0445e-08
    1.57466e-06
    4.54753e-08
    1.71183e-08
    1.63691e-08
    1.19322e-08
    3.72742e-08
    5.25066e-08
    5.46184e-07
    1.08119e-08
    8.31927e-09
    6.11319e-09
    7.04781e-09
    1.07072e-06
     3.0888e-08
    1.16184e-08
    1.11121e-08
    8.09764e-09
    2.53341e-08
    3.56944e-08
    3.71397e-07
    7.34538e-09
    5.65167e-09
    4.15248e-09
    4.78905e-09
    7.28089e-07
    2.10017e-08
     7.8989e-09
    7.55496e-09
    5.50539e-09
    1.72264e-08
    2.42716e-08
     2.5255e-07
    4.99445e-09
    3.84282e-09
    2.82343e-09
    4.87676e-07
     1.0681e-08
    1.42811e-08
    5.37116e-09
    5.13729e-09
    1.10662e-08
    1.69168e-08
     1.7365e-07
    3.89044e-09
    2.60281e-09
    2.70696e-09
    2.36001e-09
    3.36771e-07
    9.75093e-09
    3.78089e-09
    3.55643e-09
    2.60409e-09
    8.01534e-09
    1.12587e-08
    1.16811e-07
    2.34035e-09
    1.80118e-09
    1.32598e-09
    1.51863e-09
    2.28945e-07
    6.61181e-09
    2.48889e-09
    2.37995e-09
    1.73486e-09
    5.41942e-09
    7.63412e-09
    7.94115e-08
    1.57198e-09
    1.20957e-09
    8.88817e-10
    1.02471e-09
    1.55676e-07
    4.49091e-09
    1.68924e-09
    1.61562e-09
    1.17734e-09
    3.68342e-09
    5.18973e-09
    5.39987e-08
    1.06797e-09
    8.21716e-10
    6.03743e-10
    1.04272e-07
    2.28379e-09
    3.05351e-09
    1.14845e-09
    1.09844e-09
    2.36612e-09
    3.61706e-09
    3.71289e-08
    8.31836e-10
    5.56522e-10
     5.7879e-10
    5.04606e-10
    7.20063e-08
    2.08489e-09
    8.08409e-10
    7.60415e-10
    5.56792e-10
    1.71379e-09
    2.40727e-09
    2.49758e-08
    5.00399e-10
    3.85116e-10
    2.83512e-10
    3.24704e-10
    4.89515e-08
     1.4137e-09
     5.3216e-10
    5.08866e-10
    3.70937e-10
    1.15875e-09
    1.63228e-09
    1.69793e-08
    3.36111e-10
    2.58622e-10
    1.90041e-10
    2.19096e-10
    3.32857e-08
    9.60217e-10
    3.61183e-10
    3.45442e-10
    2.51732e-10
    7.87565e-10
    1.10964e-09
    1.15457e-08
    2.28346e-10
    1.75694e-10
    1.29089e-10
    2.22948e-08
    4.88305e-10
    6.52883e-10
    2.45554e-10
    2.34862e-10
    5.05908e-10
    7.73377e-10
    7.93866e-09
    1.77858e-10
    1.18992e-10
    1.23753e-10
    1.07892e-10
    1.53959e-08
    4.45777e-10
    1.72849e-10
    1.62587e-10
     1.1905e-10
    3.66432e-10
    5.14706e-10
    5.34018e-09
    1.06992e-10
    8.23432e-11
    6.06189e-11
    6.94263e-11
    1.04665e-08
    3.02267e-10
    1.13783e-10
    1.08803e-10
    7.93114e-11
    2.47756e-10
    3.49004e-10
     3.6304e-09
    7.18651e-11
    5.52969e-11
    4.06335e-11
    4.68458e-11
    7.11694e-09
    2.05308e-10
    7.72258e-11
    7.38602e-11
    5.38238e-11
    1.68392e-10
    2.37255e-10
    2.46862e-09
    4.88236e-11
    3.75658e-11
    2.76009e-11
    4.76692e-09
    1.04406e-10
    1.39595e-10
    5.25028e-11
    5.02167e-11
     1.0817e-10
    1.65359e-10
    1.69739e-09
    3.80285e-11
    2.54422e-11
    2.64601e-11
    2.30687e-11
    3.29186e-09
    9.53133e-11
    3.69575e-11
    3.47634e-11
    2.54545e-11
    7.83482e-11
    1.10051e-10
     1.1418e-09
    2.28764e-11
    1.76061e-11
    1.29611e-11
    1.48443e-11
    2.23788e-09
    6.46289e-11
    2.43284e-11
    2.32635e-11
    1.69579e-11
    5.29736e-11
    7.46218e-11
     7.7623e-10
    1.53657e-11
    1.18232e-11
    8.68799e-12
    1.00163e-11
     1.5217e-09
    4.38976e-11
    1.65119e-11
    1.57923e-11
    1.15083e-11
    3.60046e-11
    5.07285e-11
    5.27825e-10
    1.04392e-11
    8.03209e-12
    5.90146e-12
    6.80614e-12
    1.03475e-09
    2.98474e-11
    1.12258e-11
     1.0737e-11
    7.82419e-12
     2.4482e-11
    3.44945e-11
     3.5892e-10
    7.09805e-12
    5.46137e-12
    4.01263e-12
    6.93079e-10
    1.51798e-11
    2.02961e-11
    7.63342e-12
    7.30106e-12
    1.57271e-11
     2.4042e-11
     2.4679e-10
    5.52905e-12
    3.69909e-12
     3.8471e-12
    3.35402e-12
    4.78615e-10
    1.38579e-11
    5.37336e-12
    5.05435e-12
     3.7009e-12
    1.13913e-11
    1.60007e-11
    1.66011e-10
    3.32607e-12
    2.55981e-12
    1.88446e-12
    2.15826e-12
    3.25373e-10
    9.39662e-12
    3.53718e-12
    3.38236e-12
    2.46556e-12
    7.70201e-12
    1.08495e-11
    1.12859e-10
    2.23408e-12
    1.71902e-12
    1.26318e-12
     1.4563e-12
    2.21245e-10
    6.38242e-12
    2.40073e-12
     2.2961e-12
    1.67323e-12
    5.23483e-12
    7.37558e-12
    7.67423e-11
    1.51778e-12
    1.16781e-12
    8.58032e-13
     1.4819e-10
    3.24569e-12
    4.33962e-12
    1.63216e-12
    1.56109e-12
     3.3627e-12
    5.14052e-12
    5.27671e-11
     1.1822e-12
    7.90923e-13
    8.22569e-13
     7.1714e-13
    1.02335e-10
    2.96301e-12
     1.1489e-12
    1.08069e-12
    7.91306e-13
    2.43562e-12
    3.42118e-12
    3.54954e-11
    7.11161e-13
    5.47323e-13
    4.02925e-13
    4.61466e-13
    6.95693e-11
    2.00913e-12
    7.56299e-13
    7.23195e-13
    5.27171e-13
     1.6468e-12
    2.31978e-12
    2.41307e-11
    4.77676e-13
     3.6755e-13
    2.70084e-13
    3.11377e-13
    1.02073e-12
    1.36465e-12
    5.13308e-13
    4.90937e-13
    3.57759e-13
    4.19632e-13
    3.80239e-13
     1.9709e-13
    1.49861e-13
    1.50837e-13
    7.56339e-14
    6.17087e-14
    5.18745e-14
    4.80677e-14
    3.57867e-14
    2.97588e-14
    2.41734e-14
    1.94076e-14
    1.60101e-14
    1.29218e-14
      9.966e-15
     7.6467e-15
    5.69399e-15
    4.46104e-15
    3.49719e-15
     2.7089e-15
    2.20478e-15
    1.77766e-15
    1.41268e-15
    1.13543e-15
     9.0843e-16
    7.30196e-16
     5.7963e-16
    4.58211e-16
    3.58061e-16
      2.807e-16
     2.1976e-16
     1.7316e-16
    1.36913e-16
     1.0905e-16
    8.65519e-17
    6.89757e-17
     5.4736e-17
    4.34641e-17
    3.44136e-17
    2.72645e-17
    2.15284e-17
    1.69914e-17
       1.34e-17
    1.05768e-17
    8.35549e-18
    6.61294e-18
    5.23991e-18
    4.15601e-18
    3.29705e-18
    2.61471e-18
    2.07228e-18
    1.64121e-18
    1.29876e-18
    1.02735e-18
    8.12382e-19
    6.42481e-19
    5.08184e-19
    4.02141e-19
    3.18333e-19
    2.52103e-19
     1.9969e-19
    1.58194e-19
    1.25299e-19
    9.92243e-20
    7.85498e-20
    6.21701e-20
    4.91946e-20
    3.89255e-20
    3.07999e-20
    2.43737e-20
    1.92908e-20
    1.52705e-20
    1.20895e-20
    9.57207e-21
    7.57895e-21
    6.00067e-21
    4.75068e-21
    3.76075e-21
    2.97685e-21
    2.35622e-21
    1.86494e-21
    1.47612e-21
     1.1684e-21
    9.24878e-22
    7.32149e-22
    5.79606e-22
    4.58855e-22
    3.63261e-22
    2.87577e-22
    2.27654e-22
    1.80211e-22
    1.42652e-22
    1.12918e-22
    8.93809e-23
    7.07505e-23
    5.60041e-23
    4.43321e-23
    3.50933e-23
    2.77803e-23
    2.19914e-23
    1.74088e-23
     1.3781e-23
    1.09091e-23
    8.63562e-24
    6.83587e-24
    5.41118e-24
    4.28341e-24
    3.39069e-24
    2.68405e-24
    2.12468e-24
     1.6819e-24
     1.3314e-24
    1.05395e-24
    8.34313e-25
    6.60446e-25
     5.2281e-25
    4.13856e-25
    3.27606e-25
    2.59331e-25
    2.05285e-25
    1.62502e-25
    1.28636e-25
    1.01828e-25
    8.06071e-26
    6.38086e-26
    5.05109e-26
    3.99845e-26
    3.16517e-26
    2.50554e-26
    1.98338e-26
    1.57004e-26
    1.24284e-26
    9.83826e-27
    7.78794e-27
    6.16491e-27
    4.88013e-27
    3.86311e-27
    3.05803e-27
    2.42074e-27
    1.91625e-27
     1.5169e-27
    1.20078e-27
    9.50534e-28
    7.52441e-28
     5.9563e-28
      4.715e-28
    3.73238e-28
    2.95455e-28
    2.33881e-28
     1.8514e-28
    1.46557e-28
    1.16014e-28
    9.18365e-29
    7.26977e-29
    5.75473e-29
    4.55544e-29
    3.60607e-29
    2.85456e-29
    2.25967e-29
    1.78875e-29
    1.41597e-29
    1.12088e-29
    8.87285e-30
    7.02374e-30
    5.55998e-30
    4.40127e-30
    3.48404e-30
    2.75796e-30
    2.18319e-30
    1.72821e-30
    1.36805e-30
    1.08295e-30
    8.57258e-31
    6.78604e-31
    5.37182e-31
    4.25232e-31
    3.36613e-31
    2.66462e-31
    2.10931e-31
    1.66973e-31
    1.32175e-31
     1.0463e-31
    8.28247e-32
    6.55639e-32
    5.19003e-32
    4.10841e-32
    3.25221e-32
    2.57445e-32
    2.03793e-32
    1.61322e-32
    1.27702e-32
    1.01089e-32
    8.00217e-33
    6.33451e-33
    5.01439e-33
    3.96938e-33
    3.14215e-33
    2.48732e-33
    1.96896e-33
    1.55863e-33
    1.23381e-33
    9.76678e-34
    7.73137e-34
    6.12014e-34
    4.84469e-34
    3.83505e-34
    3.03582e-34
    2.40315e-34
    1.90233e-34
    1.50588e-34
    1.19205e-34
    9.43625e-35
    7.46972e-35
    5.91302e-35
    4.68074e-35
    3.70526e-35
    2.93308e-35
    2.32182e-35
    1.83795e-35
    1.45492e-35
    1.15171e-35
    9.11691e-36
    7.21693e-36
    5.71291e-36
    4.52233e-36
    3.57987e-36
    2.83382e-36
    2.24325e-36
    1.77575e-36
    1.40568e-36
    1.11273e-36
    8.80838e-37
     6.9727e-37
    5.51958e-37
    4.36929e-37
    3.45872e-37
    2.73792e-37
    2.16733e-37
    1.71565e-37
    1.35811e-37
    1.07508e-37
    8.51029e-38
    6.73673e-38
    5.33278e-38
    4.22142e-38
    3.34167e-38
    2.64526e-38
    2.09398e-38
    1.65759e-38
    1.31215e-38
    1.03869e-38
    8.22228e-39
    6.50874e-39
    5.15231e-39
    4.07856e-39
    3.22858e-39
    2.55574e-39
    2.02312e-39
     1.6015e-39
    1.26774e-39
    1.00354e-39
    7.94403e-40
    6.28848e-40
    4.97795e-40
    3.94053e-40
    3.11932e-40
    2.46925e-40
    1.95465e-40
     1.5473e-40
    1.22484e-40
    9.69581e-41
    7.67518e-41
    6.07566e-41
    4.80948e-41
    3.80718e-41
    3.01376e-41
    2.38568e-41
     1.8885e-41
    1.49494e-41
    1.18339e-41
    9.36768e-42
    7.41544e-42
    5.87005e-42
    4.64672e-42
    3.67834e-42
    2.91176e-42
    2.30495e-42
    1.82459e-42
    1.44434e-42
    1.14334e-42
    9.05066e-43
    7.16449e-43
     5.6714e-43
    4.48947e-43
    3.55385e-43
    2.81323e-43
    2.22694e-43
    1.76285e-43
    1.39547e-43
    1.10465e-43
    8.74437e-44
    6.92203e-44
    5.47947e-44
    4.33754e-44
    3.43359e-44
    2.71802e-44
    2.15158e-44
    1.70319e-44
    1.34824e-44
    1.06726e-44
    8.44845e-45
    6.68777e-45
    5.29403e-45
    4.19075e-45
    3.31739e-45
    2.62604e-45
    2.07877e-45
    1.64555e-45
    1.30261e-45
    1.03115e-45
    8.16253e-46
    6.46145e-46
    5.11487e-46
    4.04892e-46
    3.20512e-46
    2.53717e-46
    2.00842e-46
    1.58986e-46
    1.25853e-46
     9.9625e-47
     7.8863e-47
    6.24278e-47
    4.94177e-47
     3.9119e-47
    3.09665e-47
     2.4513e-47
    1.94045e-47
    1.53606e-47
    1.21594e-47
    9.62535e-48
    7.61941e-48
    6.03151e-48
    4.77453e-48
    3.77951e-48
    2.99186e-48
    2.36835e-48
    1.87478e-48
    1.48407e-48
    1.17479e-48
    9.29961e-49
    7.36156e-49
    5.82739e-49
    4.61296e-49
    3.65161e-49
    2.89061e-49
     2.2882e-49
    1.81133e-49
    1.43385e-49
    1.13503e-49
     8.9849e-50
    7.11243e-50
    5.63018e-50
    4.45684e-50
    3.52803e-50
    2.79278e-50
    2.21076e-50
    1.75004e-50
    1.38532e-50
    1.09662e-50
    8.68083e-51
    6.87173e-51
    5.43965e-51
    4.30602e-51
    3.40863e-51
    2.69827e-51
    2.13595e-51
    1.69081e-51
    1.33844e-51
    1.05951e-51
    8.38705e-52
    6.63918e-52
    5.25556e-52
    4.16029e-52
    3.29328e-52
    2.60695e-52
    2.06366e-52
    1.63359e-52
    1.29315e-52
    1.02365e-52
    8.10322e-53
    6.41449e-53
     5.0777e-53
     4.0195e-53
    3.18183e-53
    2.51873e-53
    1.99382e-53
    1.57831e-53
